80.687
80.688
80.689
80.690
80.691
80.692
80.693
80.694
80.695
80.696
80.697
80.698
80.699
80.700
80.701
80.702
80.703
80.704
80.705
80.706
80.707
80.708
80.709
80.710
80.711
80.712
80.713
80.714
80.715
80.716
80.717
80.718
80.719
80.720
80.721
80.722
80.723
80.724
80.725
80.726
80.727
80.728
80.729
80.730
80.731
80.732
80.733
80.734
80.735
80.736
80.737
80.738
80.739
80.740
80.741
80.742
80.743
80.744
80.745
80.746
80.747
80.748
80.749
80.750
80.751
80.752
80.753
80.754
80.755
80.756
80.757
80.758
80.759
80.760
80.761
80.762
80.763
80.764
80.765
80.766
80.767
80.768
80.769
80.770
80.771
80.772
80.773
80.774
80.775
80.776
80.777
80.778
80.779
80.780
80.781
80.782
80.783
80.784
80.785
80.786
80.787
80.788
80.789
80.790
80.791
80.792
80.793
80.794
80.795
80.796
80.797
80.798
80.799
80.800
80.801
80.802
80.803
80.804
80.805
80.806
80.807
80.808
80.809
80.810
80.811
80.812
80.813
80.814
80.815
80.816
80.817
80.818
80.819
80.820
80.821
80.822
80.823
80.824
80.825
80.826
80.827
80.828
80.829
80.830
80.831
80.832
80.833
80.834
80.835
80.836
80.837
80.838
80.839
80.840
80.841
80.842
80.843
80.844
80.845
80.846
80.847
80.848
80.849
80.850
80.851
80.852
80.853
80.854
80.855
80.856
80.857
80.858
80.859
80.860
80.861
80.862
80.863
80.864
80.865
80.866
80.867
80.868
80.869
80.870
80.871
80.872
80.873
80.874
80.875
80.876
80.877
80.878
80.879
80.880
80.881
80.882
80.883
80.884
80.885
80.886
80.887
80.888
80.889
80.890
80.891
80.892
80.893
80.894
80.895
80.896
80.897
80.898
80.899
80.900
80.901
80.902
80.903
80.904
80.905
80.906
80.907
80.908
80.909
80.910
80.911
80.912
80.913
80.914
80.915
80.916
80.917
80.918
80.919
80.920
80.921
80.922
80.923
80.924
80.925
80.926
80.927
80.928
80.929
80.930
80.931
80.932
80.933
80.934
80.935
80.936
80.937
80.938
80.939
80.940
80.941
80.942
80.943
80.944
80.945
80.946
80.947
80.948
80.949
80.950
80.951
80.952
80.953
80.954
80.955
80.956
80.957
80.958
80.959
80.960
80.961
80.962
80.963
80.964
80.965
80.966
80.967
80.968
80.969
80.970
80.971
80.972
80.973
80.974
80.975
80.976
80.977
80.978
80.979
80.980
80.981
80.982
80.983
80.984
80.985
80.986
80.987
80.988
80.989
80.990
80.991
80.992
80.993
80.994
80.995
80.996
80.997
80.998
80.999
80.1000
80.1001
80.1002
80.1003
80.1004
80.1005
80.1006
80.1007
80.1008
80.1009
80.1010
80.1011
80.1012
80.1013
80.1014
80.1015
80.1016
80.1017
80.1018
80.1019
80.1020
80.1021
80.1022
80.1023
80.1024
80.1025
80.1026
80.1027
80.1028
80.1029
80.1030
80.1031
80.1032
80.1033
80.1034
80.1035
80.1036
80.1037
80.1038
80.1039
80.1040
80.1041
80.1042
80.1043
80.1044
80.1045
80.1046
80.1047
80.1048
80.1049
80.1050
80.1051
80.1052
80.1053
80.1054
80.1055
80.1056
80.1057
80.1058
80.1059
80.1060
80.1061
80.1062
80.1063
80.1064
80.1065
80.1066
80.1067
80.1068
80.1069
80.1070
80.1071
80.1072
80.1073
80.1074
80.1075
80.1076
80.1077
80.1078
80.1079
80.1080
80.1081
80.1082
80.1083
80.1084
80.1085
80.1086
80.1087
80.1088
80.1089
80.1090
80.1091
80.1092
80.1093
80.1094
80.1095
80.1096
80.1097
80.1098
80.1099
80.1100
80.1101
80.1102
80.1103
80.1104
80.1105
80.1106
80.1107
80.1108
80.1109
80.1110
80.1111
80.1112
80.1113
80.1114
80.1115
80.1116
80.1117
80.1118
80.1119
80.1120
80.1121
80.1122
80.1123
80.1124
80.1125
80.1126
80.1127
80.1128
80.1129
80.1130
80.1131
80.1132
80.1133
80.1134
80.1135
80.1136
80.1137
80.1138
80.1139
80.1140
80.1141
80.1142
80.1143
80.1144
80.1145
80.1146
80.1147
80.1148
80.1149
80.1150
80.1151
80.1152
80.1153
80.1154
80.1155
80.1156
80.1157
80.1158
80.1159
80.1160
80.1161
80.1162
80.1163
80.1164
80.1165
80.1166
80.1167
80.1168
80.1169
80.1170
80.1171
80.1172
80.1173
80.1174
80.1175
80.1176
80.1177
80.1178
80.1179
80.1180
80.1181
80.1182
80.1183
80.1184
80.1185
80.1186
80.1187
80.1188
80.1189
80.1190
80.1191
80.1192
80.1193
80.1194
80.1195
80.1196
80.1197
80.1198
80.1199
80.1200
80.1201
80.1202
80.1203
80.1204
80.1205
80.1206
80.1207
80.1208
80.1209
80.1210
80.1211
80.1212
80.1213
80.1214
80.1215
80.1216
80.1217
80.1218
80.1219
80.1220
80.1221
80.1222
80.1223
80.1224
80.1225
80.1226
80.1227
80.1228
80.1229
80.1230
80.1231
80.1232
80.1233
80.1234
80.1235
80.1236
80.1237
80.1238
80.1239
80.1240
80.1241
80.1242
80.1243
80.1244
80.1245
80.1246
80.1247
80.1248
80.1249
80.1250
80.1251
80.1252
80.1253
80.1254
80.1255
80.1256
80.1257
80.1258
80.1259
80.1260
80.1261
80.1262
80.1263
80.1264
80.1265
80.1266
80.1267
80.1268
80.1269
80.1270
80.1271
80.1272
80.1273
80.1274
80.1275
80.1276
80.1277
80.1278
80.1279
80.1280
80.1281
80.1282
80.1283
80.1284
80.1285
80.1286
80.1287
80.1288
80.1289
80.1290
80.1291
80.1292
80.1293
80.1294
80.1295
80.1296
80.1297
80.1298
80.1299
80.1300
80.1301
80.1302
80.1303
80.1304
80.1305
80.1306
80.1307
80.1308
80.1309
80.1310
80.1311
80.1312
80.1313
80.1314
80.1315
80.1316
80.1317
80.1318
80.1319
80.1320
80.1321
80.1322
80.1323
80.1324
80.1325
80.1326
80.1327
80.1328
80.1329
80.1330
80.1331
80.1332
80.1333
80.1334
80.1335
80.1336
80.1337
80.1338
80.1339
80.1340
80.1341
80.1342
80.1343
80.1344
80.1345
80.1346
80.1347
80.1348
80.1349
80.1350
80.1351
80.1352
80.1353
80.1354
80.1355
80.1356
80.1357
80.1358
80.1359
80.1360
80.1361
80.1362
80.1363
80.1364
80.1365
80.1366
80.1367
80.1368
80.1369
80.1370
80.1371
80.1372
80.1373
80.1374
80.1375
80.1376
80.1377
80.1378
80.1379
80.1380
80.1381
80.1382
80.1383
80.1384
80.1385
80.1386
80.1387
80.1388
80.1389
80.1390
80.1391
80.1392
80.1393
80.1394
80.1395
80.1396
80.1397
80.1398
80.1399
80.1400
80.1401
80.1402
80.1403
80.1404
80.1405
80.1406
80.1407
80.1408
80.1409
80.1410
80.1411
80.1412
80.1413
80.1414
80.1415
80.1416
80.1417
80.1418
80.1419
80.1420
80.1421
80.1422
80.1423
80.1424
80.1425
80.1426
80.1427
80.1428
80.1429
80.1430
80.1431
80.1432
80.1433
80.1434
80.1435
80.1436
80.1437
80.1438
80.1439
80.1440
80.1441
80.1442
80.1443
80.1444
80.1445
80.1446
80.1447
80.1448
80.1449
80.1450
80.1451
80.1452
80.1453
80.1454
80.1455
80.1456
80.1457
80.1458
80.1459
80.1460
80.1461
80.1462
80.1463
80.1464
80.1465
80.1466
80.1467
80.1468
80.1469
80.1470
80.1471
80.1472
80.1473
80.1474
80.1475
80.1476
80.1477
80.1478
80.1479
80.1480
80.1481
80.1482
80.1483
80.1484
80.1485
80.1486
80.1487
80.1488
80.1489
80.1490
80.1491
80.1492
80.1493
80.1494
80.1495
80.1496
80.1497
80.1498
80.1499
80.1500
80.1501
80.1502
80.1503
80.1504
80.1505
80.1506
80.1507
80.1508
80.1509
80.1510
80.1511
80.1512
80.1513
80.1514
80.1515
80.1516
80.1517
80.1518
80.1519
80.1520
80.1521
80.1522
80.1523
80.1524
80.1525
80.1526
80.1527
80.1528
80.1529
80.1530
80.1531
80.1532
80.1533
80.1534
80.1535
80.1536
80.1537
80.1538
80.1539
80.1540
80.1541
80.1542
80.1543
80.1544
80.1545
80.1546
80.1547
80.1548
80.1549
80.1550
80.1551
80.1552
80.1553
80.1554
80.1555
80.1556
80.1557
80.1558
80.1559
80.1560
80.1561
80.1562
80.1563
80.1564
80.1565
80.1566
80.1567
80.1568
80.1569
80.1570
80.1571
80.1572
80.1573
80.1574
80.1575
80.1576
80.1577
80.1578
80.1579
80.1580
80.1581
80.1582
80.1583
80.1584
80.1585
80.1586
80.1587
80.1588
80.1589
80.1590
80.1591
80.1592
80.1593
80.1594
80.1595
80.1596
80.1597
80.1598
80.1599
80.1600
80.1601
80.1602
80.1603
80.1604
80.1605
80.1606
80.1607
80.1608
80.1609
80.1610
80.1611
80.1612
80.1613
80.1614
80.1615
80.1616
80.1617
80.1618
80.1619
80.1620
80.1621
80.1622
80.1623
80.1624
80.1625
80.1626
80.1627
80.1628
80.1629
80.1630
80.1631
80.1632
80.1633
80.1634
80.1635
80.1636
80.1637
80.1638
80.1639
80.1640
80.1641
80.1642
80.1643
80.1644
80.1645
80.1646
80.1647
80.1648
80.1649
80.1650
80.1651
80.1652
80.1653
80.1654
80.1655
80.1656
80.1657
80.1658
80.1659
80.1660
80.1661
80.1662
80.1663
80.1664
80.1665
80.1666
80.1667
80.1668
80.1669
80.1670
80.1671
80.1672
80.1673
80.1674
80.1675
80.1676
80.1677
80.1678
80.1679
80.1680
80.1681
80.1682
80.1683
80.1684
80.1685
80.1686
80.1687
80.1688
80.1689
80.1690
80.1691
80.1692
80.1693
80.1694
80.1695
80.1696
80.1697
80.1698
80.1699
80.1700
80.1701
80.1702
80.1703
80.1704
80.1705
80.1706
80.1707
80.1708
80.1709
80.1710
80.1711
80.1712
80.1713
80.1714
80.1715
80.1716
80.1717
80.1718
80.1719
80.1720
80.1721
80.1722
80.1723
80.1724
80.1725
80.1726
80.1727
80.1728
80.1729
80.1730
80.1731
80.1732
80.1733
80.1734
80.1735
80.1736
80.1737
80.1738
80.1739
80.1740
80.1741
80.1742
80.1743
80.1744
80.1745
80.1746
80.1747
80.1748
80.1749
80.1750
80.1751
80.1752
80.1753
80.1754
64.229
64.229
64.229
64.274
64.365
64.500
64.682
64.865
65.002
65.138
65.275
65.367
65.458
65.550
65.596
65.642
65.642
65.596
65.596
65.596
65.596
65.596
65.596
65.642
65.688
65.734
65.780
65.872
66.056
66.240
66.424
66.610
66.749
66.888
67.027
67.120
67.259
67.399
67.539
67.726
67.914
68.054
68.147
68.241
68.288
68.335
68.382
68.429
68.477
68.571
68.665
68.665
68.665
68.712
68.760
68.807
68.854
68.901
68.996
69.090
69.184
69.327
69.517
69.660
69.850
70.088
70.279
70.566
70.902
71.190
71.528
71.964
72.352
72.693
73.083
73.426
73.721
73.917
74.016
74.114
74.164
74.114
73.967
73.770
73.525
73.230
72.937
72.596
72.255
71.963
71.673
71.432
71.238
71.046
70.950
70.854
70.662
70.518
70.375
70.231
70.183
70.135
70.088
70.088
70.088
70.088
70.088
70.135
70.183
70.231
70.375
70.470
70.518
70.566
70.614
70.710
70.806
70.902
70.998
71.094
71.142
71.190
71.287
71.383
71.432
71.432
71.480
71.577
71.625
71.673
71.770
71.867
71.915
71.963
72.060
72.206
72.352
72.449
72.547
72.693
72.839
72.985
73.181
73.377
73.574
73.770
73.967
74.164
74.312
74.411
74.510
74.560
74.560
74.560
74.560
74.560
74.560
74.461
74.263
74.065
73.868
73.574
73.230
72.937
72.693
72.449
72.157
71.915
71.722
71.577
71.480
71.383
71.335
71.335
71.335
71.383
71.432
71.480
71.528
71.528
71.577
71.625
71.625
71.577
71.528
71.528
71.432
71.287
71.190
70.998
70.758
70.518
70.231
69.897
69.564
69.279
68.901
68.477
68.147
67.773
67.306
66.888
66.517
66.194
65.918
65.642
65.412
65.230
65.002
64.728
64.455
64.184
64.003
63.867
63.686
63.507
63.282
63.103
63.013
62.879
62.744
62.611
62.478
62.389
62.255
62.122
61.989
61.856
61.723
61.591
61.503
61.371
61.239
61.150
61.019
60.887
60.756
60.625
60.581
60.538
60.450
60.407
60.363
60.319
60.276
60.232
60.232
60.188
60.144
60.188
60.232
60.232
60.232
60.276
60.319
60.363
60.450
60.538
60.581
60.581
60.625
60.712
60.756
60.756
60.756
60.756
60.756
60.756
60.756
60.756
60.756
60.800
60.800
60.756
60.800
60.843
60.887
60.974
61.018
61.062
61.194
61.283
61.327
61.415
61.459
61.503
61.591
61.635
61.679
61.767
61.856
61.989
62.122
62.255
62.433
62.567
62.700
62.879
63.013
63.193
63.462
63.732
64.003
64.365
64.819
65.275
65.780
66.333
66.888
67.446
68.007
68.524
68.996
69.374
69.660
69.897
69.992
69.992
69.992
69.945
69.850
69.802
69.755
69.660
69.564
69.564
69.612
69.660
69.850
70.136
70.470
70.806
71.142
71.528
71.915
72.352
72.839
73.328
73.770
74.214
74.659
75.105
75.603
76.103
76.655
77.209
77.664
78.121
78.579
78.988
79.398
79.757
79.963
80.014
80.066
80.066
79.912
79.655
79.295
78.783
78.223
77.614
76.957
76.303
75.603
74.907
74.263
73.623
72.889
72.110
71.384
70.758
70.136
69.517
68.901
68.336
67.914
67.493
67.074
66.749
66.425
66.102
65.872
65.596
65.275
65.047
64.819
64.637
64.500
64.365
64.229
64.093
64.003
63.957
63.957
63.867
63.777
63.777
63.777
63.777
63.777
63.777
63.822
63.912
63.957
64.048
64.184
64.229
64.319
64.500
64.682
64.865
65.093
65.321
65.550
65.826
66.148
66.471
66.749
67.027
67.353
67.773
68.195
68.571
68.996
69.469
69.993
70.518
70.998
71.528
72.061
72.498
72.888
73.279
73.525
73.672
73.868
73.967
73.967
73.967
73.917
73.819
73.672
73.525
73.377
73.181
72.937
72.644
72.401
72.206
72.012
71.818
71.673
71.577
71.480
71.383
71.287
71.238
71.190
71.142
71.094
71.094
71.142
71.190
71.238
71.287
71.432
71.577
71.673
71.770
71.867
71.915
71.963
72.012
72.012
72.060
72.108
72.108
72.157
72.206
72.206
72.206
72.157
72.060
72.012
71.963
71.867
71.722
71.528
71.335
71.142
70.950
70.710
70.422
70.183
69.992
69.802
69.612
69.374
69.137
68.901
68.712
68.571
68.382
68.241
68.147
68.007
67.867
67.726
67.539
67.352
67.213
67.074
66.888
66.749
66.610
66.424
66.194
65.964
65.734
65.504
65.275
65.002
64.728
64.410
64.093
63.867
63.642
63.417
63.237
63.058
62.879
62.744
62.611
62.478
62.389
62.300
62.211
62.166
62.166
62.122
62.078
62.122
62.166
62.166
62.166
62.211
62.255
62.300
62.389
62.433
62.478
62.567
62.567
62.567
62.656
62.700
62.656
62.611
62.611
62.611
62.611
62.611
62.611
62.656
62.656
62.656
62.700
62.744
62.834
62.924
63.013
63.148
63.282
63.372
63.507
63.641
63.731
63.822
63.912
64.003
64.093
64.184
64.274
64.410
64.546
64.682
64.819
64.910
65.002
65.093
65.184
65.321
65.504
65.688
65.918
66.240
66.563
66.888
67.260
67.680
68.148
68.618
69.090
69.564
70.040
70.470
70.806
71.094
71.335
71.528
71.722
71.915
72.060
72.206
72.401
72.547
72.693
72.888
73.083
73.328
73.623
73.868
74.115
74.461
74.807
75.105
75.304
75.503
75.653
75.802
75.952
75.902
75.852
75.802
75.753
75.653
75.503
75.354
75.154
74.955
74.708
74.411
74.115
73.819
73.525
73.181
72.888
72.644
72.352
72.060
71.818
71.625
71.432
71.287
71.190
71.142
71.094
70.998
70.902
70.902
70.950
70.950
70.950
70.950
70.950
70.950
70.998
71.046
71.046
71.094
71.142
71.190
71.238
71.238
71.287
71.335
71.383
71.432
71.432
71.432
71.383
71.287
71.190
71.094
70.950
70.806
70.662
70.470
70.279
70.135
69.992
69.850
69.755
69.660
69.564
69.469
69.422
69.327
69.137
68.948
68.807
68.712
68.618
68.524
68.429
68.335
68.288
68.241
68.147
68.101
68.101
68.101
68.101
68.101
68.101
68.101
68.147
68.194
68.194
68.194
68.194
68.241
68.241
68.241
68.288
68.335
68.429
68.477
68.571
68.712
68.854
69.043
69.279
69.564
69.802
70.040
70.279
70.518
70.758
70.998
71.190
71.335
71.480
71.577
71.673
71.722
71.722
71.770
71.818
71.818
71.770
71.722
71.673
71.528
71.383
71.238
71.046
70.806
70.566
70.375
70.136
69.945
69.802
69.612
69.422
69.232
68.996
68.760
68.618
68.524
68.382
68.194
68.101
68.007
67.867
67.726
67.539
67.352
67.213
67.074
66.888
66.702
66.517
66.332
66.102
65.872
65.688
65.504
65.321
65.138
64.910
64.637
64.410
64.274
64.138
64.003
63.912
63.777
63.596
63.462
63.327
63.148
63.013
62.879
62.700
62.522
62.300
62.033
61.812
61.635
61.459
61.239
61.019
60.843
60.669
60.494
60.276
60.101
59.971
59.841
59.712
59.538
59.409
59.365
59.365
59.365
59.365
59.322
59.279
59.279
59.279
59.236
59.193
59.193
59.193
59.193
59.150
59.107
59.064
59.021
59.021
58.978
58.893
58.807
58.721
58.678
58.635
58.549
58.464
58.378
58.293
58.251
58.251
58.251
58.208
58.166
58.166
58.208
58.293
58.378
58.506
58.635
58.764
58.935
59.064
59.193
59.322
59.409
59.495
59.582
59.668
59.755
59.755
59.755
59.798
59.798
59.841
59.885
59.885
59.928
59.971
59.928
59.885
59.885
59.885
59.885
59.841
59.755
59.712
59.625
59.538
59.495
59.409
59.322
59.236
59.150
59.107
59.064
58.978
58.935
58.935
58.978
59.107
59.236
59.409
59.668
60.015
60.450
60.888
61.283
61.635
61.945
62.255
62.522
62.611
62.611
62.567
62.433
62.211
61.900
61.547
61.151
60.756
60.363
59.885
59.452
59.064
58.721
58.421
58.123
57.910
57.783
57.740
57.740
57.740
57.825
57.996
58.166
58.378
58.635
58.978
59.322
59.668
60.058
60.450
60.888
61.283
61.679
62.078
62.433
62.745
63.013
63.282
63.551
63.867
64.184
64.501
64.865
65.230
65.642
66.056
66.517
66.981
67.446
68.007
68.524
69.043
69.564
70.040
70.470
70.902
71.287
71.625
71.963
72.206
72.401
72.547
72.644
72.644
72.596
72.498
72.303
72.109
71.770
71.383
71.046
70.758
70.470
70.088
69.755
69.469
69.185
68.854
68.571
68.289
68.054
67.914
67.726
67.539
67.352
67.213
67.074
66.888
66.749
66.610
66.470
66.286
66.056
65.826
65.596
65.458
65.321
65.093
64.819
64.591
64.410
64.274
64.093
63.867
63.642
63.372
63.148
62.924
62.700
62.478
62.211
61.989
61.812
61.635
61.459
61.283
61.150
60.975
60.756
60.625
60.538
60.450
60.319
60.232
60.276
60.363
60.450
60.581
60.800
61.107
61.459
61.812
62.255
62.745
63.193
63.642
64.093
64.592
65.093
65.504
65.918
66.379
66.749
67.027
67.259
67.492
67.820
68.101
68.288
68.429
68.524
68.618
68.712
68.760
68.760
68.807
68.854
68.854
68.807
68.712
68.665
68.618
68.571
68.524
68.477
68.477
68.429
68.335
68.241
68.147
68.007
67.867
67.726
67.539
67.352
67.166
66.981
66.795
66.563
66.286
65.964
65.642
65.367
65.093
64.819
64.501
64.184
63.957
63.732
63.417
63.103
62.834
62.478
62.122
61.856
61.635
61.415
61.194
60.975
60.756
60.625
60.538
60.450
60.407
60.407
60.407
60.407
60.450
60.538
60.625
60.712
60.843
61.019
61.150
61.283
61.415
61.503
61.547
61.547
61.547
61.547
61.591
61.679
61.679
61.679
61.679
61.591
61.503
61.415
61.327
61.239
61.150
61.062
60.974
60.931
60.843
60.712
60.625
60.538
60.494
60.450
60.363
60.232
60.015
59.885
59.841
59.712
59.668
59.668
59.668
59.755
59.755
59.755
59.798
59.798
59.841
59.928
59.971
60.058
60.188
60.319
60.363
60.407
60.538
60.625
60.712
60.800
60.887
60.974
61.062
61.194
61.283
61.283
61.327
61.371
61.415
61.503
61.503
61.503
61.591
61.591
61.503
61.503
61.547
61.591
61.635
61.679
61.812
61.944
62.166
62.478
62.700
62.924
63.237
63.597
64.003
64.410
64.865
65.321
65.734
66.194
66.610
67.027
67.493
67.960
68.383
68.712
69.043
69.327
69.564
69.850
70.040
70.183
70.327
70.422
70.470
70.518
70.518
70.518
70.518
70.470
70.422
70.231
69.992
69.850
69.755
69.612
69.517
69.517
69.422
69.327
69.327
69.327
69.374
69.422
69.422
69.517
69.660
69.802
69.945
70.088
70.231
70.375
70.518
70.662
70.854
71.046
71.238
71.432
71.673
72.061
72.401
72.596
72.790
73.034
73.328
73.525
73.721
73.967
74.114
74.263
74.461
74.609
74.708
74.807
74.906
74.955
74.955
74.955
74.955
75.005
75.005
74.955
74.906
74.856
74.856
74.955
75.054
75.054
75.154
75.304
75.453
75.603
75.703
75.852
76.052
76.303
76.554
76.755
77.007
77.209
77.360
77.563
77.715
77.816
77.968
78.120
78.273
78.375
78.426
78.477
78.477
78.477
78.477
78.477
78.426
78.324
78.273
78.222
78.120
77.968
77.816
77.715
77.614
77.512
77.360
77.209
77.158
77.107
76.956
76.856
76.805
76.755
76.755
76.755
76.755
76.805
76.906
77.006
77.158
77.310
77.462
77.664
77.917
78.171
78.375
78.528
78.681
78.885
79.090
79.244
79.398
79.603
79.809
79.963
80.066
80.169
80.324
80.428
80.531
80.687
80.790
80.894
80.945
80.945
80.997
81.049
81.101
81.257
81.465
81.622
81.674
81.674
81.674
81.674
81.674
81.622
81.517
81.465
81.413
81.205
80.997
80.842
80.687
80.531
80.428
80.428
80.531
80.687
80.842
81.101
81.361
81.622
81.987
82.353
82.721
83.194
83.722
84.252
84.783
85.263
85.691
86.121
86.497
86.875
87.253
87.578
87.850
88.176
88.612
89.104
89.598
90.038
90.590
91.088
91.532
92.033
92.535
93.096
93.770
94.617
95.583
96.725
97.932
99.206
100.546
101.838
103.139
104.449
105.587
106.490
107.094
107.397
107.700
108.004
108.186
108.247
108.247
108.186
108.004
107.822
107.761
107.640
107.579
107.640
107.700
107.943
108.247
108.552
108.857
109.102
109.346
109.591
109.837
110.082
110.267
110.390
110.636
110.944
111.253
111.624
111.933
112.430
113.239
114.177
115.244
116.506
117.967
119.566
121.305
122.926
124.494
126.072
127.328
128.391
129.191
129.659
129.926
129.859
129.391
128.724
127.991
127.195
126.270
125.281
124.297
123.382
122.731
122.146
121.627
121.304
121.175
121.304
121.627
122.081
122.601
123.121
123.708
124.231
124.493
124.558
124.558
124.362
123.839
123.186
122.470
121.627
120.659
119.630
118.541
117.331
116.127
114.929
113.676
112.430
111.191
109.899
108.553
107.216
105.948
104.688
103.437
102.311
101.250
100.196
99.090
97.932
96.954
95.982
94.957
94.053
93.208
92.424
91.810
91.144
90.369
89.598
88.722
87.958
87.361
86.821
86.228
85.691
85.317
85.050
84.943
84.996
85.156
85.370
85.584
85.906
86.336
86.767
87.199
87.632
88.013
88.394
88.830
89.269
89.708
90.093
90.590
91.143
91.532
91.921
92.424
92.983
93.601
94.221
94.844
95.468
95.981
96.495
97.011
97.471
97.932
98.278
98.509
98.682
98.798
98.973
99.089
99.147
99.205
99.205
99.263
99.263
99.263
99.322
99.322
99.205
99.089
99.031
98.915
98.857
98.798
98.682
98.625
98.567
98.509
98.451
98.278
98.105
97.989
97.644
97.183
96.896
96.609
96.266
95.924
95.639
95.411
95.184
94.957
94.731
94.447
94.052
93.714
93.489
93.264
93.039
92.815
92.647
92.480
92.144
91.754
91.365
91.032
90.700
90.203
89.708
89.214
88.721
88.230
87.741
87.307
86.821
86.336
85.906
85.477
85.103
84.730
84.305
83.881
83.510
83.141
82.773
82.458
82.196
81.935
81.674
81.465
81.257
81.152
81.101
81.049
81.049
81.049
81.101
81.257
81.517
81.882
82.353
82.984
83.775
84.677
85.746
87.037
88.613
90.536
92.761
95.243
98.107
101.311
104.811
108.617
112.682
116.826
120.985
125.087
128.993
132.623
135.892
138.787
141.222
143.256
144.880
146.015
146.798
147.297
147.297
147.012
146.655
146.015
145.093
144.102
143.115
141.991
140.733
139.618
138.509
137.403
136.440
135.480
134.523
133.706
132.959
132.282
131.742
131.202
130.799
130.396
129.793
129.124
128.457
127.659
126.732
125.808
124.822
123.644
122.406
121.175
119.887
118.541
117.204
116.001
114.804
113.552
112.306
111.191
110.144
109.102
108.126
107.276
106.550
105.887
105.406
105.106
104.927
104.867
104.867
104.987
105.346
105.767
106.248
106.852
107.518
108.309
109.225
110.144
111.006
111.872
112.741
113.676
114.615
115.433
116.190
117.013
117.839
118.732
119.565
120.272
120.981
121.563
122.016
122.405
122.731
122.926
123.056
123.186
123.251
123.186
123.056
122.926
122.731
122.470
122.146
121.757
121.369
120.981
120.594
120.143
119.693
119.308
118.924
118.477
118.030
117.648
117.267
116.949
116.696
116.506
116.379
116.190
115.937
115.747
115.621
115.495
115.369
115.181
114.992
114.866
114.678
114.426
114.176
113.926
113.676
113.426
113.052
112.678
112.368
111.995
111.624
111.129
110.697
110.328
109.837
109.285
108.674
108.004
107.336
106.671
105.948
105.226
104.389
103.614
102.842
102.015
101.367
100.722
99.962
99.147
98.278
97.471
96.725
95.924
95.184
94.391
93.545
92.759
92.033
91.310
90.590
89.928
89.269
88.612
88.013
87.416
86.767
86.121
85.477
84.890
84.252
83.669
83.142
82.563
82.039
81.517
81.049
80.635
80.221
79.809
79.398
78.988
78.579
78.172
77.816
77.512
77.209
76.906
76.604
76.353
76.152
75.952
75.802
75.653
75.503
75.453
75.354
75.254
75.254
75.304
75.403
75.503
75.603
75.703
75.902
76.102
76.253
76.454
76.655
76.856
77.108
77.310
77.462
77.715
77.917
77.968
78.121
78.324
78.324
78.222
78.120
77.968
77.715
77.360
76.957
76.554
76.202
75.952
75.703
75.453
75.204
75.054
75.104
75.104
75.054
75.005
74.955
75.005
75.104
75.254
75.403
75.553
75.802
76.102
76.403
76.805
77.310
77.715
78.121
78.528
78.885
79.346
79.912
80.635
81.570
82.826
84.465
86.444
88.723
91.312
94.054
96.726
99.265
101.604
103.854
105.948
107.640
109.041
110.329
111.376
112.244
113.115
113.801
114.238
114.552
114.740
114.803
114.615
114.238
113.738
112.990
112.120
111.253
110.206
109.041
107.883
106.732
105.587
104.449
103.318
102.252
101.367
100.605
99.904
99.205
98.567
98.047
97.643
97.298
97.069
96.954
96.954
97.183
97.413
97.585
97.874
98.163
98.394
98.567
98.741
98.915
99.089
99.263
99.380
99.496
99.612
99.787
99.961
100.137
100.429
100.722
100.956
101.190
101.485
101.779
102.073
102.487
102.842
103.139
103.495
103.792
104.150
104.568
104.987
105.406
105.646
106.007
106.550
106.912
107.215
107.579
108.004
108.369
108.613
108.918
109.224
109.407
109.591
109.714
109.714
109.652
109.530
109.285
108.918
108.491
108.004
107.458
106.912
106.248
105.526
104.927
104.269
103.555
102.961
102.428
101.956
101.720
101.544
101.367
101.367
101.544
101.779
102.192
102.902
103.733
104.748
105.948
107.156
108.492
109.960
111.500
113.053
114.553
115.938
117.268
118.541
119.758
120.917
121.822
122.470
122.991
123.316
123.446
123.381
123.121
122.861
122.536
121.952
121.175
120.401
119.629
118.796
117.903
117.013
116.190
115.370
114.490
113.613
112.741
111.995
111.376
110.759
110.144
109.591
109.102
108.613
108.186
107.700
107.155
106.671
106.188
105.647
105.106
104.568
103.912
103.198
102.487
101.838
101.250
100.605
99.846
99.031
98.278
97.471
96.610
95.753
94.900
94.109
93.264
92.480
91.755
91.032
90.369
89.708
89.104
88.612
88.176
87.795
87.469
87.199
86.983
86.767
86.605
86.497
86.335
86.121
85.960
85.799
85.691
85.584
85.477
85.530
85.638
85.799
86.013
86.282
86.659
87.037
87.415
87.795
88.122
88.448
88.776
89.104
89.378
89.652
89.927
90.093
90.203
90.314
90.369
90.369
90.314
90.258
90.203
90.093
89.927
89.707
89.433
89.104
88.830
88.557
88.176
87.850
87.578
87.145
86.659
86.282
85.960
85.638
85.263
84.890
84.624
84.305
83.934
83.616
83.352
83.088
82.826
82.563
82.300
82.039
81.830
81.778
81.882
82.039
82.143
82.300
82.563
82.878
83.247
83.669
84.039
84.464
84.996
85.477
85.906
86.390
86.875
87.416
87.958
88.394
88.830
89.214
89.598
90.038
90.424
90.811
91.365
92.033
92.816
93.827
95.071
96.496
98.106
99.905
101.603
103.318
105.167
106.913
108.553
110.144
111.624
112.990
114.428
115.685
116.824
118.095
119.309
120.530
121.757
122.796
123.774
124.624
125.281
125.873
126.269
126.533
126.732
126.798
126.798
126.666
126.533
126.467
126.335
126.335
126.401
126.335
126.269
126.203
126.070
125.939
125.741
125.610
125.478
125.215
124.952
124.755
124.558
124.362
124.101
123.643
123.121
122.666
122.211
121.627
121.045
120.465
119.822
119.244
118.604
117.903
117.330
116.759
116.253
115.748
115.244
114.803
114.301
113.863
113.426
112.865
112.243
111.685
111.191
110.636
110.021
109.347
108.674
107.944
107.215
106.550
105.887
105.226
104.627
104.150
103.792
103.614
103.614
103.792
104.090
104.508
105.106
105.948
106.853
107.700
108.614
109.592
110.637
111.562
112.430
113.426
114.365
115.118
115.621
116.063
116.632
117.203
117.521
117.903
118.413
118.668
118.860
119.116
119.308
119.372
119.436
119.564
119.693
119.757
119.757
119.757
119.757
119.757
119.693
119.629
119.500
119.308
119.116
118.796
118.477
118.030
117.394
116.759
116.063
115.369
114.615
113.738
112.865
112.058
111.191
110.328
109.592
108.735
107.943
107.276
106.610
105.948
105.346
104.807
104.269
103.792
103.317
102.902
102.546
102.250
102.073
101.956
101.838
101.838
102.015
102.191
102.487
102.961
103.495
104.150
104.927
105.767
106.671
107.518
108.248
109.041
109.898
110.636
111.191
111.624
111.995
112.305
112.554
112.678
112.678
112.554
112.305
112.057
111.685
111.191
110.697
110.144
109.469
108.796
108.065
107.336
106.610
105.827
104.987
104.150
103.317
102.370
101.485
100.663
99.788
98.915
97.990
97.069
96.267
95.639
95.127
94.504
93.939
93.545
93.320
93.264
93.207
93.095
93.039
93.095
93.095
93.095
93.207
93.320
93.432
93.545
93.601
93.601
93.658
93.714
93.770
93.826
93.770
93.658
93.489
93.264
93.039
92.871
92.703
92.480
92.256
91.977
91.698
91.365
90.977
90.700
90.369
89.983
89.652
89.378
89.050
88.666
88.285
87.958
87.741
87.524
87.253
86.983
86.713
86.443
86.228
86.013
85.638
85.210
84.890
84.570
84.198
83.828
83.563
83.352
83.141
82.983
82.931
82.931
82.983
83.141
83.352
83.563
83.775
84.039
84.251
84.464
84.783
85.050
85.210
85.316
85.477
85.638
85.799
85.960
86.067
86.174
86.228
86.174
86.121
86.174
86.335
86.551
86.821
87.253
87.795
88.504
89.434
90.590
91.867
93.209
94.675
96.210
97.933
99.730
101.486
103.377
105.468
107.641
109.900
112.307
114.742
117.205
119.695
122.082
124.429
126.600
128.525
130.263
131.810
133.231
134.455
135.411
136.096
136.714
137.334
137.817
138.092
138.161
138.023
137.817
137.610
137.334
136.989
136.439
135.890
135.411
134.796
134.182
133.570
132.891
132.282
131.674
130.933
130.195
129.391
128.590
127.792
126.930
126.072
125.215
124.428
123.643
122.796
121.952
121.175
120.336
119.437
118.604
117.839
117.077
116.316
115.622
114.992
114.302
113.738
113.239
112.741
112.430
112.305
112.305
112.305
112.368
112.554
112.803
113.114
113.426
113.738
114.113
114.615
115.181
115.621
116.000
116.506
117.076
117.585
118.158
118.796
119.565
120.595
121.692
122.666
123.643
124.756
126.006
127.395
128.858
130.397
132.012
133.774
135.549
137.197
138.924
140.593
142.062
143.468
144.738
145.873
146.941
147.798
148.586
149.231
149.447
149.231
148.657
147.941
147.012
145.802
144.384
142.834
141.082
139.271
137.335
135.138
133.027
130.935
128.791
126.667
124.560
122.471
120.530
118.605
116.760
115.181
113.676
112.182
110.822
109.592
108.370
107.276
106.309
105.406
104.687
104.031
103.376
102.842
102.369
101.956
101.661
101.426
101.190
100.956
100.780
100.663
100.605
100.605
100.605
100.546
100.488
100.429
100.371
100.371
100.371
100.371
100.371
100.312
100.195
100.078
99.961
99.845
99.670
99.496
99.322
99.031
98.798
98.625
98.336
98.047
97.758
97.470
97.241
96.954
96.724
96.495
96.152
95.867
95.582
95.241
94.957
94.674
94.391
94.164
93.939
93.714
93.489
93.264
93.039
92.871
92.759
92.647
92.535
92.480
92.480
92.535
92.647
92.759
92.871
92.983
93.151
93.376
93.545
93.658
93.770
93.883
93.939
93.995
94.052
94.052
94.164
94.277
94.277
94.334
94.391
94.447
94.504
94.447
94.391
94.391
94.391
94.391
94.391
94.504
94.617
94.674
94.731
94.731
94.674
94.561
94.504
94.391
94.277
94.221
94.108
93.939
93.826
93.714
93.545
93.376
93.207
93.095
92.927
92.703
92.535
92.368
92.200
91.977
91.754
91.643
91.587
91.476
91.310
91.088
90.755
90.369
89.927
89.433
88.831
88.176
87.524
86.875
86.121
85.371
84.677
83.986
83.352
82.773
82.249
81.778
81.413
81.153
80.997
80.945
80.945
81.049
81.309
81.622
81.987
82.458
82.983
83.405
83.775
84.198
84.570
84.943
85.317
85.691
86.013
86.228
86.497
86.767
86.929
87.091
87.307
87.469
87.523
87.523
87.523
87.523
87.469
87.415
87.307
87.199
87.145
86.983
86.875
86.821
86.713
86.659
86.659
86.551
86.497
86.497
86.335
86.228
86.121
85.960
85.960
85.906
85.745
85.638
85.584
85.530
85.423
85.316
85.156
84.996
84.890
84.783
84.624
84.410
84.198
84.039
83.881
83.669
83.405
83.088
82.773
82.405
82.091
81.882
81.622
81.361
81.153
80.945
80.687
80.376
80.117
79.860
79.552
79.295
79.039
78.732
78.477
78.273
77.968
77.715
77.512
77.158
76.906
76.655
76.253
75.902
75.603
75.354
75.105
74.856
74.659
74.411
74.213
74.164
74.114
74.065
74.065
74.065
74.114
74.213
74.312
74.461
74.609
74.757
75.005
75.304
75.603
75.902
76.303
76.755
77.108
77.462
77.816
78.172
78.528
78.885
79.295
79.655
80.015
80.376
80.635
80.894
81.101
81.257
81.413
81.517
81.570
81.570
81.517
81.413
81.309
81.153
80.945
80.790
80.583
80.324
80.117
79.860
79.655
79.500
79.295
79.192
79.090
78.936
78.885
78.936
79.038
79.089
79.141
79.244
79.398
79.603
79.655
79.757
80.014
80.221
80.376
80.531
80.687
80.790
80.945
81.101
81.152
81.257
81.361
81.413
81.517
81.622
81.778
81.935
82.039
82.196
82.353
82.458
82.563
82.721
82.826
82.931
82.983
82.983
83.088
83.193
83.299
83.405
83.510
83.616
83.669
83.669
83.669
83.616
83.510
83.457
83.457
83.405
83.299
83.141
82.931
82.721
82.563
82.405
82.196
81.935
81.622
81.309
81.049
80.790
80.479
80.169
79.912
79.655
79.295
78.987
78.732
78.477
78.222
77.816
77.360
76.957
76.554
76.053
75.503
75.055
74.560
74.016
73.476
72.888
72.401
71.915
71.335
70.806
70.279
69.802
69.375
68.901
68.524
68.288
68.101
67.960
67.867
67.773
67.726
67.726
67.773
67.820
67.914
68.101
68.288
68.524
68.854
69.232
69.612
70.040
70.422
70.710
70.998
71.238
71.432
71.625
71.770
71.867
71.818
71.673
71.577
71.528
71.480
71.383
71.287
71.190
71.094
70.950
70.854
70.806
70.710
70.662
70.662
70.710
70.710
70.710
70.710
70.710
70.758
70.758
70.806
70.854
70.902
70.950
70.998
71.046
71.046
71.046
71.046
71.046
70.998
70.950
70.902
70.806
70.710
70.614
70.470
70.327
70.231
70.135
70.040
69.945
69.897
69.850
69.802
69.802
69.802
69.850
69.897
69.897
69.897
69.897
69.945
69.992
70.040
70.135
70.231
70.327
70.470
70.614
70.710
70.854
70.950
70.998
71.190
71.432
71.770
72.206
72.596
72.986
73.377
73.819
74.312
74.757
75.204
75.703
76.253
76.755
77.209
77.664
78.121
78.579
78.988
79.346
79.706
80.118
80.479
80.842
81.257
81.622
81.882
82.091
82.353
82.616
82.773
82.878
82.931
82.878
82.773
82.563
82.300
82.039
81.726
81.361
80.945
80.479
79.912
79.346
78.783
78.223
77.715
77.159
76.604
76.103
75.653
75.254
74.906
74.510
74.164
73.917
73.623
73.377
73.181
73.083
73.132
73.181
73.279
73.476
73.721
74.065
74.461
74.906
75.503
76.153
76.806
77.512
78.172
78.783
79.398
79.963
80.479
80.945
81.309
81.674
82.091
82.616
83.300
84.146
85.264
86.606
88.122
89.819
91.700
93.772
95.869
97.818
99.671
101.309
102.784
104.150
105.407
106.792
108.249
109.776
111.439
113.177
114.804
116.127
117.204
118.030
118.477
118.541
118.221
117.648
116.886
116.000
114.992
113.926
112.803
111.748
111.006
110.512
110.205
109.960
109.837
110.021
110.328
110.636
111.129
111.562
111.871
112.243
112.616
112.865
112.989
112.927
112.678
112.368
111.933
111.438
110.821
110.021
109.224
108.431
107.518
106.550
105.587
104.509
103.318
102.252
101.309
100.313
99.206
98.105
97.069
96.039
95.014
93.996
93.040
92.089
91.144
90.258
89.379
88.504
87.687
86.929
86.228
85.584
85.050
84.517
83.986
83.616
83.299
82.983
82.668
82.353
82.143
81.935
81.622
81.257
80.945
80.635
80.324
80.066
79.809
79.552
79.244
78.936
78.630
78.324
78.019
77.715
77.462
77.259
77.007
76.705
76.403
76.202
76.052
75.902
75.852
75.852
75.902
75.902
75.852
75.852
75.852
75.902
75.902
75.852
75.852
75.852
75.852
75.802
75.653
75.553
75.553
75.603
75.653
75.603
75.603
75.802
76.002
76.152
76.403
76.655
76.856
77.057
77.259
77.411
77.512
77.664
77.816
77.917
78.070
78.222
78.375
78.528
78.579
78.630
78.732
78.834
78.987
79.192
79.552
80.015
80.583
81.414
82.459
83.723
85.371
87.254
89.161
91.312
93.660
95.983
98.280
100.548
102.785
105.048
107.277
109.409
111.501
113.489
115.244
116.823
118.286
119.630
120.723
121.563
122.211
122.601
122.796
122.796
122.601
122.405
122.275
122.145
121.951
121.757
121.757
121.951
122.210
122.601
123.056
123.381
123.708
124.101
124.428
124.493
124.493
124.428
124.035
123.512
122.991
122.276
121.498
120.723
119.822
119.052
118.286
117.457
116.696
116.063
115.558
115.055
114.552
114.113
113.738
113.426
113.114
112.803
112.616
112.430
112.243
112.119
111.995
111.933
111.809
111.562
111.253
110.944
110.636
110.267
109.898
109.408
108.857
108.491
108.004
107.397
106.912
106.369
105.827
105.226
104.627
104.031
103.495
103.079
102.724
102.546
102.546
102.842
103.257
103.792
104.568
105.467
106.550
107.883
109.163
110.390
111.748
113.115
114.365
115.496
116.506
117.457
118.477
119.373
120.079
120.788
121.498
122.211
122.926
123.643
124.362
125.018
125.808
126.666
127.593
128.524
129.324
129.993
130.665
131.405
132.012
132.485
132.959
133.366
133.638
133.842
134.114
134.386
134.591
134.728
134.796
134.796
134.728
134.591
134.318
134.113
133.774
133.298
132.756
132.012
131.203
130.396
129.458
128.524
127.659
126.732
125.742
124.756
123.774
122.861
121.887
120.917
120.015
119.116
118.286
117.457
116.696
115.937
115.244
114.615
113.988
113.239
112.554
112.057
111.500
110.882
110.328
109.898
109.469
108.980
108.491
108.004
107.518
107.094
106.671
106.128
105.646
105.226
104.747
104.329
103.971
103.733
103.614
103.494
103.375
103.375
103.494
103.614
103.733
103.971
104.329
104.627
104.867
104.987
105.047
105.106
105.106
105.047
104.807
104.448
104.031
103.614
103.079
102.428
101.897
101.309
100.605
99.846
99.089
98.278
97.414
96.667
95.924
95.128
94.335
93.601
92.983
92.480
92.088
91.754
91.476
91.310
91.199
91.143
91.143
91.143
91.143
91.143
91.143
91.143
91.143
91.143
91.088
90.977
90.866
90.755
90.479
90.148
89.872
89.597
89.323
89.050
88.885
88.830
88.885
89.104
89.598
90.314
91.255
92.368
93.658
95.015
96.382
97.817
99.322
100.781
102.193
103.734
105.407
107.156
108.797
110.452
112.182
113.801
115.244
116.570
117.840
119.053
120.208
121.369
122.666
124.101
125.808
127.993
130.801
134.389
138.720
143.612
148.949
154.603
160.138
165.239
170.037
174.435
178.417
181.888
184.672
187.315
189.573
191.356
192.983
194.208
195.191
195.929
196.341
196.752
197.329
197.741
198.071
198.319
198.402
198.484
198.484
198.484
198.484
198.484
198.402
198.236
198.319
198.484
198.484
198.567
198.649
198.981
199.892
201.388
203.642
206.666
210.050
213.717
217.500
221.227
224.546
227.182
229.568
231.787
233.390
234.551
235.356
235.895
236.343
236.164
235.536
234.730
233.836
232.676
231.430
230.276
228.947
227.535
226.214
224.896
223.757
222.709
221.401
220.183
219.142
218.103
216.895
215.518
214.401
213.288
211.921
210.899
209.964
208.861
208.015
207.423
207.002
206.665
206.328
206.075
205.906
205.654
205.486
205.402
205.234
205.150
204.898
204.563
204.227
203.808
203.390
202.889
202.554
202.304
201.887
201.471
201.138
200.805
200.556
200.390
200.141
199.809
199.560
199.229
198.815
198.567
198.567
198.567
198.732
199.395
200.390
201.888
203.642
205.655
208.016
210.729
213.802
216.896
220.011
222.884
225.423
227.976
230.277
232.142
233.837
235.357
236.793
238.052
239.405
240.670
241.758
243.029
244.213
244.943
245.582
246.313
246.863
247.321
247.596
247.871
247.962
247.962
247.871
247.504
247.138
246.496
245.764
245.034
244.122
243.029
241.486
239.947
238.683
237.153
235.268
233.301
231.431
229.391
227.358
225.335
223.146
220.966
218.796
216.551
214.230
212.007
209.371
206.665
204.312
201.805
199.064
196.424
194.045
191.681
189.330
187.235
185.310
183.475
181.807
180.226
178.573
176.927
175.289
173.658
171.957
170.112
168.275
166.373
164.406
162.451
160.358
158.279
156.360
154.525
152.775
151.107
149.520
147.942
146.371
144.951
143.679
142.343
140.942
139.549
138.301
136.990
135.549
134.115
132.554
131.002
129.459
127.792
126.072
124.363
122.731
121.175
119.566
117.967
116.507
115.118
113.738
112.368
111.068
109.837
108.735
107.700
106.611
105.587
104.688
103.852
103.079
102.369
101.720
101.132
100.605
100.137
99.670
99.263
98.915
98.567
98.220
97.932
97.701
97.470
97.298
97.183
97.069
97.069
97.183
97.471
98.047
98.916
100.080
101.427
102.961
104.688
106.491
108.127
109.531
110.760
111.810
112.866
113.801
114.678
115.559
116.506
117.840
119.309
120.853
122.536
124.232
126.072
128.059
130.062
132.013
133.911
135.823
137.679
139.549
141.572
143.750
146.016
148.300
150.673
152.921
155.038
157.170
159.242
161.253
163.277
165.464
167.818
170.496
173.348
176.146
178.967
181.650
184.033
186.111
188.039
189.734
191.112
192.331
193.391
194.208
194.945
195.601
196.012
196.258
196.587
196.999
197.163
197.246
197.410
197.658
198.154
199.147
200.640
202.472
204.815
207.425
210.220
213.032
215.690
218.018
220.010
221.749
222.795
223.232
223.145
222.795
222.446
221.923
221.226
220.183
218.796
217.499
216.206
214.916
213.801
212.689
211.580
210.389
209.116
207.846
206.496
204.983
203.056
200.723
198.155
195.356
192.251
189.008
185.631
182.126
178.731
175.446
172.113
168.810
165.691
162.751
159.986
157.318
154.819
152.485
150.241
148.299
146.728
145.447
144.455
143.819
143.537
143.819
144.526
145.660
147.298
149.232
151.542
154.161
156.876
159.539
162.001
164.256
166.297
168.046
169.651
171.187
172.651
174.045
175.444
177.083
178.965
180.858
182.681
184.512
186.432
188.281
189.734
190.950
192.087
192.983
193.717
194.371
195.027
195.601
196.012
196.258
196.505
196.752
196.999
197.163
197.411
198.071
199.230
200.973
203.391
206.582
210.220
213.974
217.586
221.053
224.195
226.830
229.124
230.986
232.409
233.568
234.462
235.178
235.895
236.612
237.151
237.512
237.872
238.052
237.962
237.692
237.241
236.433
235.268
233.926
232.231
230.276
228.241
226.126
223.758
221.053
218.105
214.917
211.582
208.186
204.732
201.057
197.330
193.719
190.059
186.433
182.840
179.439
176.303
173.116
170.035
167.133
164.331
161.627
159.020
156.581
154.379
152.339
150.457
148.945
147.941
147.297
147.083
147.297
147.798
148.657
149.808
151.035
152.121
153.211
154.159
154.818
155.257
155.551
155.698
155.624
155.477
155.257
154.891
154.452
153.940
153.575
153.357
153.139
153.066
153.211
153.575
154.086
154.818
155.698
156.654
157.760
159.019
160.506
162.001
163.351
164.708
165.918
167.133
168.428
169.574
170.571
171.494
172.265
172.883
173.580
174.200
174.666
175.210
175.755
176.223
176.692
177.005
177.239
177.553
177.944
178.337
178.730
179.123
179.595
180.383
181.332
182.442
183.554
184.831
186.271
187.556
188.845
190.058
191.030
191.761
192.494
193.228
193.881
194.290
194.535
194.863
195.027
195.109
195.273
195.191
195.027
195.027
194.863
194.699
194.617
194.617
194.617
194.453
194.453
194.617
194.699
194.781
194.945
195.027
195.191
195.437
195.355
195.355
195.437
195.519
195.765
195.765
195.765
195.765
195.765
196.012
196.176
196.505
197.494
199.230
201.638
204.564
208.101
212.179
216.379
220.359
224.021
227.359
230.366
232.944
235.179
237.063
238.322
239.314
240.218
240.851
241.576
242.121
242.575
243.211
243.666
244.122
244.851
245.399
245.764
246.313
246.679
247.046
247.321
247.596
247.870
247.870
247.596
247.138
246.771
246.222
245.399
244.577
243.575
242.303
241.033
239.766
238.503
237.242
235.984
234.909
234.015
233.300
232.587
231.874
231.341
230.897
230.542
230.453
230.453
230.453
230.720
231.075
231.252
231.341
231.518
231.518
231.252
230.897
230.542
230.010
229.301
228.417
227.534
226.741
225.862
224.983
224.107
223.145
222.097
221.052
220.009
218.796
217.758
216.636
215.174
213.887
212.604
211.239
210.049
208.946
207.930
207.086
206.243
205.402
204.815
204.647
204.563
204.563
204.815
205.150
205.654
206.328
207.002
208.015
209.200
210.389
211.836
213.459
215.174
216.981
218.883
220.792
222.971
225.247
227.358
229.479
231.698
233.926
235.985
237.872
239.585
241.214
242.757
244.213
245.490
246.679
247.963
249.250
250.355
251.277
252.479
253.591
254.426
255.263
256.008
256.567
256.846
257.033
257.126
257.126
256.846
256.380
255.914
255.635
255.263
254.612
254.148
253.683
253.127
252.664
252.109
251.462
250.724
249.894
249.066
248.147
247.412
246.771
246.039
245.308
244.577
243.484
242.030
240.400
238.503
236.075
233.123
229.922
226.215
222.099
217.846
213.290
208.609
203.812
198.983
194.374
189.736
185.232
180.939
176.929
173.117
169.346
165.843
162.601
159.540
156.581
153.795
151.180
148.587
146.158
143.961
141.852
139.827
137.887
136.028
134.251
132.486
130.732
128.924
127.130
125.479
123.774
122.082
120.466
118.861
117.394
116.001
114.679
113.364
112.058
111.006
110.082
109.163
108.430
107.822
107.276
106.791
106.309
105.827
105.406
104.987
104.568
104.210
103.792
103.376
103.079
102.783
102.487
102.250
102.073
101.956
101.720
101.426
101.132
100.839
100.488
100.078
99.728
99.380
99.031
98.683
98.278
97.932
97.643
97.528
97.874
98.568
99.788
101.663
104.272
107.581
111.318
115.310
119.440
123.581
127.396
130.801
133.912
136.715
139.063
140.873
142.272
143.255
143.748
143.819
143.537
143.115
142.552
141.851
141.151
140.592
140.244
140.105
140.453
141.291
142.553
144.315
146.656
149.520
152.849
156.656
160.733
164.860
168.888
172.653
176.069
179.203
181.967
184.193
186.191
187.797
189.007
190.219
191.192
191.924
192.493
192.983
193.391
193.717
194.126
194.453
194.617
194.781
195.027
195.273
195.601
196.341
197.577
199.478
201.888
204.564
207.678
211.155
214.574
217.845
220.792
223.321
225.598
227.623
229.390
230.720
231.786
232.765
233.479
233.836
234.283
234.819
235.088
235.267
235.446
235.626
235.715
235.805
235.895
235.895
235.895
235.895
235.895
235.715
235.446
235.088
234.641
234.104
233.568
233.122
232.498
231.964
231.430
230.720
230.010
229.213
228.505
227.887
227.006
225.950
225.071
224.370
223.582
222.708
222.097
221.749
221.226
220.617
220.096
219.402
218.623
217.930
217.240
216.464
215.689
215.002
214.315
213.715
213.459
213.202
213.202
213.544
214.058
214.916
215.948
217.240
218.709
220.183
221.662
223.145
224.546
225.950
227.535
229.036
230.365
231.786
232.943
234.104
235.447
236.703
237.872
238.863
239.766
240.670
241.576
242.393
243.120
244.031
244.577
244.943
245.399
245.582
245.856
246.130
246.405
246.863
247.321
247.871
248.422
249.066
249.709
250.170
250.539
250.908
251.185
251.185
251.277
251.093
250.908
250.724
250.078
249.433
248.790
248.146
247.504
246.679
246.039
245.490
244.851
244.395
243.848
243.302
243.029
242.938
243.120
243.757
244.577
245.308
245.947
246.496
247.046
247.504
247.687
247.596
247.504
247.229
246.771
246.222
245.673
245.034
243.940
242.575
241.123
239.495
237.692
235.626
233.480
231.342
228.860
226.390
224.020
221.488
218.710
215.690
212.349
208.693
205.068
201.390
197.413
193.556
189.736
186.032
182.760
179.675
176.849
174.279
172.111
170.418
168.886
167.665
166.828
166.145
165.614
165.312
164.934
164.405
163.727
162.975
162.075
160.880
159.540
157.983
156.066
153.868
151.542
148.946
146.159
143.328
140.455
137.543
134.729
132.148
129.660
127.328
125.282
123.448
121.628
119.886
118.350
116.824
115.433
114.052
112.554
111.068
109.715
108.492
107.337
106.309
105.466
104.747
104.090
103.554
103.020
102.428
101.897
101.309
100.605
99.904
99.205
98.625
98.163
97.816
97.701
97.758
97.989
98.278
98.509
98.741
98.915
98.915
98.741
98.451
97.989
97.471
96.896
96.153
95.355
94.561
93.714
92.816
91.922
91.143
90.534
90.038
89.652
89.488
89.597
89.927
90.424
90.977
91.476
91.921
92.256
92.424
92.535
92.480
92.200
91.865
91.421
90.811
90.203
89.653
89.050
88.448
88.013
87.686
87.415
87.307
87.361
87.524
87.850
88.394
89.104
89.928
91.033
92.313
93.602
94.958
96.210
97.357
98.452
99.496
100.312
100.956
101.544
102.015
102.487
103.079
103.792
104.628
105.647
106.793
108.005
109.225
110.328
111.376
112.430
113.364
114.176
114.866
115.432
115.937
116.443
116.949
117.394
117.775
118.093
118.285
118.349
118.285
118.157
117.966
117.585
117.139
116.696
116.190
115.684
115.118
114.552
113.988
113.426
112.865
112.305
111.809
111.191
110.513
109.898
109.285
108.552
107.700
106.853
106.128
105.286
104.329
103.495
102.547
101.720
101.074
100.488
100.078
99.787
99.728
99.728
99.728
99.845
99.961
100.020
100.078
100.254
100.429
100.663
101.073
101.661
102.665
104.270
106.371
108.798
111.688
114.679
117.459
120.145
122.602
124.625
126.204
127.328
128.124
128.657
128.790
128.923
129.124
129.525
130.195
131.068
132.283
133.911
136.029
138.440
141.152
144.245
147.585
151.181
154.893
158.798
162.827
166.678
170.496
174.047
177.319
180.385
183.158
185.550
187.557
189.330
190.950
192.168
193.064
193.717
194.126
194.453
194.617
194.863
195.109
195.273
195.437
195.683
196.012
196.341
196.752
197.246
197.823
198.319
198.732
199.395
199.892
200.390
201.055
201.638
202.388
203.223
203.976
204.815
205.654
206.159
206.412
206.496
206.412
205.907
204.815
203.558
202.055
200.308
198.485
196.506
194.536
192.739
190.950
189.088
187.074
184.751
182.284
179.596
176.771
173.891
170.727
167.514
164.407
161.179
157.836
154.454
151.108
147.799
144.457
141.083
137.818
134.525
131.339
128.326
125.283
122.343
119.566
117.014
114.616
112.245
109.961
107.823
105.888
104.032
102.311
100.781
99.264
97.875
96.668
95.583
94.731
94.165
93.770
93.545
93.489
93.601
93.826
94.052
94.277
94.561
94.787
94.787
94.617
94.391
94.052
93.545
92.983
92.312
91.532
90.811
90.093
89.378
88.667
88.013
87.416
86.875
86.336
85.799
85.317
84.783
84.305
83.881
83.563
83.299
82.983
82.721
82.510
82.300
82.091
81.935
81.830
81.726
81.622
81.570
81.517
81.413
81.309
81.257
81.257
81.205
81.152
81.152
81.152
81.152
81.152
81.152
81.152
81.205
81.205
81.152
81.101
80.997
80.790
80.531
80.272
79.963
79.655
79.295
78.936
78.579
78.172
77.765
77.360
77.007
76.705
76.403
76.102
75.802
75.503
75.155
74.807
74.510
74.213
73.868
73.525
73.279
73.132
73.034
73.034
73.230
73.672
74.313
75.156
76.254
77.564
79.040
80.688
82.407
83.987
85.478
86.821
87.850
88.667
89.323
89.707
89.872
89.927
89.872
89.652
89.323
88.885
88.394
87.958
87.578
87.253
86.983
86.929
87.145
87.524
88.231
89.214
90.314
91.532
92.760
93.996
95.128
96.153
97.011
97.759
98.394
98.915
99.380
99.728
100.020
100.137
100.254
100.371
100.371
100.429
100.546
100.605
100.605
100.663
100.780
100.839
100.897
100.956
100.956
100.956
100.956
101.014
101.073
101.132
101.190
101.190
101.190
101.190
101.190
101.190
101.249
101.367
101.426
101.544
101.720
101.897
102.073
102.250
102.546
102.961
103.435
104.031
104.927
106.129
107.580
109.225
111.069
113.240
115.559
117.968
120.466
122.993
125.480
127.860
130.129
132.148
134.047
135.754
137.266
138.716
139.966
141.082
142.131
143.256
144.384
145.589
146.870
148.228
149.808
151.614
153.649
155.846
158.427
161.403
164.482
167.590
170.803
173.969
176.849
179.438
181.808
183.714
185.470
187.235
188.765
190.382
192.006
193.473
194.863
195.930
196.917
197.906
198.567
199.146
199.560
199.643
199.809
199.975
199.975
199.892
199.809
199.726
199.560
199.312
198.898
198.319
197.658
196.999
196.012
194.863
193.718
192.575
191.517
190.139
188.523
186.833
184.910
182.681
180.227
177.476
174.667
171.649
168.429
165.313
162.152
159.095
156.067
153.067
150.313
147.727
145.164
142.624
140.315
138.163
136.028
133.979
132.013
130.128
128.258
126.467
124.822
123.187
121.563
119.951
118.414
117.077
115.875
114.679
113.427
112.244
111.130
110.021
108.980
107.883
106.672
105.407
104.091
102.724
101.427
100.079
98.568
97.069
95.583
94.109
92.760
91.477
90.203
89.104
88.176
87.308
86.551
85.960
85.477
85.050
84.677
84.358
84.145
83.986
83.775
83.616
83.510
83.457
83.405
83.299
83.193
83.141
83.141
83.088
83.036
82.983
82.931
82.931
82.931
82.878
82.826
82.773
82.721
82.668
82.563
82.458
82.405
82.458
82.616
82.931
83.458
84.252
85.478
87.038
88.942
91.312
93.941
96.726
99.556
102.430
105.409
108.493
111.750
115.120
118.543
122.084
125.810
129.527
133.097
136.648
140.176
143.539
146.656
149.737
152.922
156.288
159.912
163.730
167.743
172.036
176.304
180.306
184.034
187.316
190.302
193.065
195.356
197.082
198.485
199.726
200.722
201.554
202.054
202.304
202.554
202.722
202.889
202.972
203.056
203.139
203.139
203.056
203.056
203.056
203.139
203.223
203.307
203.474
203.557
203.892
204.311
204.815
205.570
206.580
207.762
209.031
210.474
212.007
213.373
214.487
215.604
216.722
217.758
218.796
219.836
220.704
221.400
222.185
222.970
223.670
224.194
224.720
225.247
225.686
226.213
226.741
227.182
227.622
227.975
228.240
228.594
228.771
228.859
229.124
229.390
229.567
229.655
229.744
229.832
229.921
230.187
230.365
230.453
230.631
230.720
230.808
230.986
231.341
231.874
232.409
233.122
234.015
234.999
235.895
236.793
237.782
238.592
239.314
240.037
240.579
241.032
241.576
242.030
242.302
242.756
243.211
243.393
243.940
244.577
244.851
244.943
245.217
245.673
246.222
246.863
247.321
247.779
248.606
249.433
250.262
251.185
251.924
252.850
253.776
254.705
255.635
256.287
256.846
257.313
257.687
258.061
258.435
258.622
258.622
258.715
258.809
258.715
258.715
258.715
258.715
258.622
258.435
258.341
258.248
258.061
257.500
256.753
256.101
255.263
254.334
253.591
252.850
252.017
251.369
250.539
249.709
249.157
248.606
248.055
247.412
246.679
245.856
245.034
244.122
243.211
242.212
241.304
240.580
239.856
239.133
238.412
237.782
237.152
236.523
235.984
235.267
234.372
233.301
232.142
230.808
229.213
227.447
225.511
223.320
220.966
218.451
215.776
212.947
209.795
206.498
202.974
199.314
195.767
192.251
188.605
184.992
181.571
178.181
174.978
171.881
168.810
165.994
163.202
160.359
157.687
155.185
152.630
149.953
147.370
145.022
142.624
140.106
137.611
135.275
133.096
130.868
128.591
126.534
124.560
122.536
120.659
118.861
117.204
115.686
114.240
112.866
111.562
110.390
109.286
108.309
107.458
106.610
105.827
105.106
104.448
103.852
103.317
102.783
102.310
101.897
101.485
101.132
100.722
100.312
99.904
99.496
99.147
98.799
98.567
98.451
98.336
98.278
98.278
98.278
98.336
98.451
98.625
98.857
99.147
99.612
100.195
100.898
101.898
103.318
105.168
107.338
109.838
112.681
115.687
118.927
122.278
125.480
128.459
131.271
133.706
135.617
137.334
138.716
139.687
140.383
140.801
141.011
141.221
141.431
141.641
142.061
142.763
143.679
144.880
146.443
148.228
150.096
152.121
154.307
156.507
158.798
161.253
163.803
166.374
169.193
172.267
175.368
178.417
181.333
183.953
186.432
188.684
190.707
192.494
193.963
195.109
196.094
196.999
197.658
198.319
198.815
199.146
199.395
199.643
199.892
200.141
200.390
200.556
200.805
201.471
202.471
203.977
206.076
208.523
211.411
214.488
217.586
220.618
223.321
225.598
227.623
229.302
230.631
231.608
232.409
232.854
233.122
233.300
233.389
233.478
233.478
233.389
233.122
232.943
232.765
232.587
232.142
231.785
231.785
231.696
231.607
231.430
231.341
231.430
231.518
231.607
231.785
231.964
232.053
232.231
232.320
232.231
231.874
231.252
230.631
229.744
228.594
227.358
226.038
224.808
223.670
222.534
221.487
220.791
220.270
219.749
219.229
218.796
218.536
218.277
217.930
217.585
217.326
217.067
216.722
216.464
216.205
215.861
215.603
215.517
215.517
215.775
216.464
217.499
218.709
220.096
221.836
223.582
225.159
227.006
229.036
230.720
232.320
233.926
235.268
236.433
237.692
238.773
239.585
240.308
241.032
241.939
242.847
243.666
244.578
245.399
245.947
246.496
246.954
247.321
247.779
248.146
248.422
248.882
249.341
249.802
250.355
250.816
251.277
251.739
252.479
253.406
253.869
254.426
255.170
255.635
256.101
256.474
256.660
256.660
256.474
256.008
255.263
254.241
253.128
252.109
250.816
249.618
248.514
247.321
246.222
245.217
244.304
243.120
241.758
240.309
238.683
236.973
235.089
233.034
230.809
228.506
226.126
223.670
221.314
219.056
216.551
213.802
211.069
208.101
204.732
201.140
197.495
193.637
189.574
185.551
181.493
177.398
173.272
169.270
165.389
161.554
157.762
154.089
150.602
147.228
144.103
141.153
138.302
135.549
132.960
130.599
128.325
126.204
124.232
122.341
120.595
118.861
117.331
116.064
114.804
113.552
112.306
111.315
110.452
109.531
108.735
108.065
107.458
106.912
106.429
105.887
105.286
104.747
104.210
103.673
103.198
102.605
102.015
101.544
101.015
100.429
99.845
99.263
98.741
98.220
97.644
97.126
96.610
96.038
95.412
94.844
94.334
93.826
93.320
92.759
92.256
91.754
91.254
90.756
90.258
89.818
89.433
89.104
88.721
88.394
88.176
88.013
87.904
87.958
88.285
88.886
89.819
91.200
93.322
96.212
99.674
103.738
108.252
112.994
117.844
122.475
126.801
130.801
134.252
137.336
140.246
142.976
145.732
148.587
151.543
154.527
157.540
160.657
163.578
166.298
169.040
171.649
173.968
176.380
178.730
180.937
183.237
185.230
187.154
188.926
190.544
192.169
193.391
194.290
195.191
196.012
196.587
196.999
197.493
197.906
198.236
198.649
198.815
198.897
199.146
199.395
199.643
200.224
201.138
202.639
204.731
207.256
210.390
213.888
217.241
220.532
223.583
226.214
228.771
231.075
232.855
234.283
235.536
236.343
236.882
237.331
237.602
237.692
237.512
237.151
236.792
236.433
235.984
235.626
235.178
234.730
234.462
234.194
233.925
233.657
233.657
233.747
233.657
233.568
233.389
233.300
233.300
233.122
232.943
232.943
232.943
232.854
232.854
232.765
232.854
232.943
232.854
233.033
233.300
233.657
234.104
234.462
234.641
234.909
235.267
235.626
235.984
236.164
236.433
236.702
236.972
237.241
237.331
237.602
237.962
238.322
238.772
239.224
239.856
240.580
241.395
242.211
242.938
243.757
244.577
245.217
245.856
246.588
247.412
248.146
248.698
249.341
249.986
250.355
250.724
251.000
251.000
250.908
250.724
250.631
250.631
250.539
250.262
250.078
249.986
249.709
249.617
249.525
249.433
249.617
249.801
250.262
250.816
251.185
251.647
252.202
252.664
252.942
253.313
253.869
254.519
254.984
255.263
255.542
255.821
256.101
256.380
256.474
256.380
256.287
256.287
256.194
256.101
256.008
255.635
255.170
254.334
253.406
252.479
251.554
250.631
249.526
248.422
247.229
246.039
245.125
244.213
242.939
241.667
240.490
239.224
237.962
236.523
234.820
233.034
231.164
228.771
226.038
223.320
220.185
216.724
213.204
209.626
206.077
202.806
199.645
196.506
193.637
191.031
188.684
186.512
184.512
182.681
181.016
179.360
177.632
175.990
174.511
172.961
171.187
169.498
167.817
165.994
164.255
162.451
160.581
158.648
156.728
154.965
153.139
151.396
149.808
148.228
146.656
145.022
143.468
141.922
140.244
138.716
137.265
135.891
134.592
133.231
131.877
130.665
129.525
128.324
127.196
126.203
125.215
124.231
123.447
122.731
121.952
121.239
120.594
120.015
119.565
119.116
118.668
118.349
118.093
117.775
117.521
117.330
117.076
116.822
116.506
116.126
115.747
115.306
114.803
114.176
113.426
112.741
112.119
111.500
111.006
110.697
110.635
110.944
111.624
112.866
114.679
116.950
119.888
123.385
127.065
130.936
134.935
138.857
142.554
145.946
148.874
151.397
153.576
155.332
156.875
158.204
159.465
160.805
162.301
164.029
166.070
168.581
171.496
174.512
177.476
180.385
183.158
185.791
188.039
189.896
191.517
192.983
194.290
195.191
195.930
196.505
196.999
197.493
197.823
198.071
198.236
198.319
198.319
198.484
198.567
198.567
198.567
198.649
198.815
198.897
198.897
198.815
198.897
198.980
198.897
198.897
198.980
198.897
198.980
199.063
198.980
199.063
199.146
199.312
199.395
199.312
199.229
199.229
199.312
199.395
199.477
199.643
199.809
199.726
199.643
199.726
199.726
199.643
199.560
199.477
199.477
199.395
199.229
199.146
199.063
198.980
198.980
198.980
198.980
199.063
199.063
198.980
199.146
199.395
199.477
199.395
199.395
199.395
199.229
199.063
199.063
199.146
199.146
199.063
199.063
199.146
199.063
199.063
199.229
199.643
200.473
201.721
203.391
205.403
207.932
210.815
213.631
216.465
219.316
221.749
223.932
225.950
227.623
228.947
230.188
231.341
232.142
233.122
234.104
234.999
236.074
237.062
238.052
239.224
240.308
241.395
242.484
243.575
244.851
245.948
246.863
247.871
248.882
249.802
250.447
250.816
251.093
251.277
251.462
251.554
251.462
251.277
250.908
250.724
250.724
250.631
250.447
250.262
250.262
250.355
250.539
250.816
251.185
251.554
251.924
252.202
252.294
252.572
253.035
253.127
253.127
253.220
253.220
253.312
253.312
252.942
252.294
251.647
250.816
249.618
248.422
246.863
245.308
243.758
241.940
240.309
238.503
236.434
234.283
232.320
230.365
228.153
226.126
224.108
221.836
219.576
217.413
215.346
213.032
210.474
207.847
204.984
201.806
198.238
194.455
190.545
186.674
182.841
179.046
175.601
172.267
169.116
166.374
164.029
161.777
159.540
157.613
155.918
154.452
153.211
152.266
151.468
150.745
150.312
150.096
149.951
150.023
150.312
150.672
151.034
151.396
151.831
152.266
152.629
152.920
153.211
153.357
153.284
153.066
152.702
152.193
151.396
150.456
149.448
148.299
147.013
145.589
144.032
142.413
140.733
138.994
137.265
135.412
133.435
131.540
129.660
127.660
125.743
123.774
121.758
119.822
117.904
116.190
114.679
113.115
111.501
109.960
108.553
107.277
106.069
104.868
103.733
102.665
101.720
100.898
100.021
99.147
98.278
97.414
96.667
95.981
95.411
94.844
94.278
93.883
93.545
93.376
93.601
94.222
95.356
97.185
99.731
103.083
107.281
112.249
117.846
123.977
130.268
136.308
141.996
147.015
151.181
154.527
157.023
158.797
160.060
160.879
161.327
161.476
161.476
161.327
161.102
160.953
160.804
160.730
160.804
161.178
161.851
162.751
163.878
165.312
167.133
169.269
171.649
174.201
176.849
179.438
181.967
184.272
186.352
188.361
190.058
191.355
192.413
193.228
193.963
194.617
195.109
195.519
195.929
196.341
196.670
196.917
197.081
197.246
197.246
197.328
197.576
197.658
197.906
198.484
199.395
200.723
202.556
204.899
207.678
210.644
213.717
216.723
219.316
221.662
223.670
225.159
226.478
227.711
228.682
229.213
229.301
229.390
229.390
229.124
228.771
228.328
227.799
227.182
226.565
225.949
225.335
224.896
224.282
223.495
222.795
222.185
221.749
221.226
220.530
219.836
219.142
218.363
217.499
216.809
216.291
215.689
215.088
214.744
214.487
214.058
213.715
213.288
212.860
212.689
212.347
211.921
211.580
211.324
211.069
210.898
210.813
210.558
210.558
210.813
210.898
211.069
211.239
211.324
211.665
212.091
212.604
213.202
213.973
215.088
216.378
217.672
218.969
220.444
221.923
223.232
224.458
225.686
226.829
227.799
228.771
229.744
230.808
231.697
232.320
233.033
233.747
234.462
235.088
235.715
236.254
236.702
237.151
237.422
237.692
238.142
238.592
238.862
239.224
239.856
240.398
240.942
241.576
242.030
242.302
242.665
242.847
242.756
242.574
242.121
241.486
240.851
240.218
239.405
238.502
237.422
236.343
235.268
234.194
233.033
231.697
230.276
228.859
227.535
225.950
224.370
222.796
221.314
219.923
218.450
217.326
216.292
215.259
214.230
212.861
211.410
209.794
207.846
205.655
203.307
200.806
197.990
195.028
192.007
189.088
186.352
183.635
180.859
178.259
175.834
173.426
171.110
168.810
166.601
164.481
162.376
160.209
158.057
155.919
153.723
151.542
149.448
147.512
145.660
143.750
141.712
139.758
137.887
136.028
134.251
132.418
130.598
128.791
126.931
125.019
123.122
121.305
119.502
117.776
116.190
114.616
113.053
111.563
110.267
109.102
107.883
106.853
105.888
104.867
103.912
103.079
102.310
101.544
100.898
100.196
99.438
98.741
98.105
97.586
97.069
96.495
95.981
95.468
94.957
94.504
94.108
93.770
93.376
92.983
92.703
92.480
92.312
92.200
92.032
91.865
91.754
91.643
91.587
91.476
91.310
91.254
91.254
91.254
91.199
91.143
91.143
91.199
91.254
91.254
91.310
91.365
91.365
91.365
91.365
91.421
91.532
91.698
91.977
92.424
93.152
94.222
95.526
97.069
98.858
100.723
102.666
104.748
106.792
108.675
110.513
112.244
113.864
115.307
116.570
117.712
118.732
119.629
120.336
120.916
121.369
121.757
122.081
122.340
122.536
122.731
122.926
123.056
123.316
123.708
124.166
124.690
125.347
126.203
127.129
128.258
129.659
131.203
132.892
134.660
136.646
138.925
141.362
143.891
146.514
149.377
152.340
155.479
158.798
162.002
165.011
167.818
170.419
172.574
174.200
175.288
175.911
176.223
176.223
176.067
175.600
174.821
174.122
173.348
172.574
171.726
170.725
169.880
168.886
167.893
166.904
165.842
164.783
163.652
162.526
161.253
159.911
158.427
156.802
155.185
153.504
151.614
149.592
147.727
145.944
144.032
141.992
139.966
138.163
136.440
134.660
133.028
131.608
130.263
129.057
128.191
127.526
127.062
126.996
127.062
127.327
127.925
128.724
129.793
131.069
132.418
134.047
135.960
137.955
140.106
142.272
144.244
146.157
147.942
149.520
151.035
152.339
153.503
154.671
155.918
157.244
158.649
160.209
162.001
163.954
165.994
168.352
170.957
173.658
176.458
179.123
181.650
184.113
186.352
188.361
190.058
191.517
192.738
193.800
194.781
195.519
196.094
196.423
196.670
196.999
197.163
197.246
197.493
197.741
197.989
198.484
198.980
199.560
200.390
201.221
202.054
202.972
203.809
204.479
205.150
205.738
206.159
206.412
206.496
206.412
206.243
205.991
205.738
205.402
204.815
204.311
203.892
203.307
202.638
201.887
200.972
199.892
198.815
197.577
196.013
194.372
192.657
190.869
189.007
187.074
185.390
183.874
182.204
180.700
179.438
178.259
177.161
176.223
175.366
174.510
173.812
173.115
172.419
171.725
171.032
170.417
169.804
169.191
168.580
167.893
167.056
166.145
165.236
164.180
162.976
161.627
160.060
158.427
156.654
154.672
152.630
150.529
148.299
146.158
144.102
141.922
139.827
137.887
135.823
133.843
132.013
130.061
128.192
126.401
124.494
122.536
120.595
118.669
116.760
114.930
113.177
111.439
109.715
108.066
106.490
104.927
103.377
101.957
100.664
99.322
97.990
96.725
95.469
94.222
92.928
91.700
90.535
89.269
88.067
86.929
85.799
84.783
83.775
82.826
81.988
81.154
80.428
79.757
79.141
78.630
78.172
77.715
77.209
76.705
76.253
75.802
75.354
74.956
74.461
73.967
73.574
73.133
72.693
72.352
72.012
71.625
71.287
71.046
70.806
70.566
70.375
70.231
70.135
70.040
69.992
69.992
70.040
70.088
70.135
70.231
70.327
70.422
70.470
70.470
70.422
70.327
70.231
70.088
69.945
69.802
69.660
69.517
69.327
69.137
68.948
68.760
68.665
68.760
69.043
69.564
70.471
71.868
73.625
75.655
77.971
80.378
82.670
84.785
86.660
88.122
89.159
89.818
90.148
90.203
89.983
89.543
88.886
88.067
87.145
86.121
85.104
84.093
83.037
82.040
81.257
80.687
80.376
80.428
80.946
81.988
83.459
85.318
87.417
89.654
91.978
94.166
96.153
97.991
99.555
100.781
101.779
102.605
103.257
103.852
104.329
104.687
104.927
105.047
105.166
105.166
105.106
105.106
104.927
104.747
104.627
104.388
104.150
103.852
103.495
103.139
102.783
102.369
101.897
101.426
100.956
100.371
99.729
99.031
98.163
97.299
96.382
95.299
94.166
92.984
91.755
90.535
89.269
87.959
86.606
85.264
83.934
82.563
81.154
79.656
78.173
76.756
75.453
74.214
72.987
71.868
70.855
69.898
68.996
68.195
67.493
67.027
66.934
67.400
68.525
70.328
72.892
76.157
79.968
84.045
88.181
92.261
96.270
100.082
103.617
107.037
110.392
113.741
117.015
120.339
123.775
127.197
130.599
133.980
137.336
140.734
143.962
146.799
149.520
152.049
154.234
156.212
157.983
159.540
160.954
162.150
162.975
163.502
164.028
164.481
164.632
164.481
164.028
163.426
162.825
161.926
160.656
159.465
158.279
156.949
155.698
154.525
153.576
152.847
152.193
151.976
152.048
152.193
152.411
152.629
152.847
152.993
153.066
152.847
152.411
151.831
150.962
149.880
148.657
147.226
145.589
143.820
141.922
139.966
138.025
135.960
133.843
131.877
129.928
128.059
126.336
124.691
123.057
121.563
120.208
118.860
117.712
116.696
115.685
114.741
113.988
113.426
112.865
112.305
111.871
111.562
111.315
111.129
110.882
110.635
110.451
110.328
110.205
109.960
109.652
109.224
108.735
108.308
107.822
107.155
106.429
105.647
104.748
103.793
102.842
101.956
100.957
99.846
98.684
97.414
96.096
94.674
93.209
91.811
90.370
88.831
87.525
86.337
85.157
84.093
83.194
82.406
81.622
80.946
80.531
80.272
80.066
80.117
80.376
80.842
81.517
82.407
83.459
84.678
86.229
88.123
90.426
93.379
97.015
101.078
105.592
110.395
115.122
119.440
123.124
125.940
127.660
128.457
128.523
127.858
126.666
125.084
123.253
121.305
119.374
117.585
115.938
114.365
112.866
111.562
110.390
109.408
108.552
107.761
107.155
106.791
106.852
108.005
111.382
118.237
129.220
143.147
157.863
171.669
183.407
192.746
199.896
204.900
208.016
209.794
210.558
210.473
209.794
208.946
207.762
206.496
205.319
204.227
203.223
202.304
201.554
201.055
200.971
201.055
201.471
202.305
203.390
204.563
205.823
207.256
208.692
210.134
211.665
212.945
213.887
214.830
215.603
216.119
216.550
216.895
217.153
217.412
217.584
217.671
217.757
217.585
217.326
216.981
216.636
216.291
215.861
215.174
214.230
213.288
212.433
211.580
210.474
209.285
208.015
206.917
206.075
205.150
204.227
203.474
202.722
201.971
201.138
200.307
199.477
198.402
196.917
195.109
193.065
190.626
188.039
185.391
182.601
179.989
177.554
175.289
173.426
171.803
170.418
169.421
168.733
168.198
167.817
167.665
167.741
168.046
168.580
169.344
170.341
171.726
173.271
174.822
176.615
178.338
180.147
181.966
183.554
185.070
186.431
187.556
188.603
189.410
190.058
190.705
191.192
191.680
191.924
192.168
192.575
192.901
193.146
193.472
193.962
194.290
194.699
195.191
195.437
195.683
196.012
196.341
196.670
196.834
196.999
197.246
197.493
197.658
197.741
197.823
197.823
197.906
198.154
198.567
199.312
200.640
202.472
204.815
207.848
211.411
215.261
219.144
222.796
226.038
229.037
231.876
234.194
235.895
237.062
237.962
238.682
238.862
238.682
238.502
238.142
237.332
236.343
235.446
234.462
233.390
232.142
230.720
229.302
227.888
226.478
224.984
223.582
222.185
220.705
219.143
217.413
215.518
213.459
211.154
208.608
205.907
202.807
199.396
195.931
192.332
188.524
184.673
180.938
177.241
173.504
169.806
166.298
162.827
159.243
155.846
152.558
149.377
146.443
143.609
140.803
138.163
135.754
133.503
131.338
129.392
127.726
126.072
124.625
123.448
122.341
121.369
120.658
120.079
119.565
119.308
119.244
119.180
119.116
119.116
119.052
118.988
118.924
118.732
118.477
118.094
117.585
117.076
116.506
115.874
115.244
114.490
113.613
112.803
111.996
111.129
110.328
109.592
108.918
108.187
107.397
106.731
106.068
105.406
104.747
103.971
103.257
102.605
101.956
101.309
100.663
99.904
99.089
98.394
97.587
96.782
96.095
95.468
94.844
94.221
93.658
93.207
92.871
92.591
92.535
92.815
93.489
94.561
96.153
98.454
101.488
105.230
109.719
114.872
120.342
125.681
130.467
134.593
137.887
140.384
142.272
143.467
144.384
145.305
146.371
148.013
150.386
153.505
157.393
161.704
166.072
170.497
174.746
178.653
182.126
185.071
187.637
189.653
191.193
192.576
193.718
194.535
195.273
195.847
196.176
196.423
196.670
196.917
197.081
197.163
197.246
197.328
197.410
197.410
197.328
197.410
197.493
197.493
197.576
197.741
197.989
198.402
198.981
199.643
200.390
201.388
202.471
203.558
204.647
205.570
206.243
206.496
206.496
206.328
205.655
204.479
202.889
200.806
198.320
195.274
191.844
188.202
184.353
180.701
177.007
173.194
169.500
165.995
162.751
159.540
156.507
153.795
151.324
149.017
146.799
144.598
142.483
140.454
138.509
136.715
134.933
133.231
131.742
130.329
128.991
127.858
126.666
125.544
124.625
123.643
122.731
121.952
121.304
120.723
120.143
119.822
119.757
119.950
120.465
121.304
122.666
124.954
128.327
132.896
138.722
145.383
152.492
159.471
165.846
171.497
176.226
180.069
183.078
185.230
186.672
187.636
188.280
188.522
188.603
188.683
188.764
188.764
188.683
188.683
188.764
189.168
189.815
190.462
191.192
191.924
192.820
193.717
194.371
195.109
195.765
196.341
196.834
197.081
197.328
197.658
197.823
197.906
197.989
198.154
198.319
198.402
198.484
198.484
198.484
198.732
199.229
200.058
201.305
203.056
205.403
208.185
211.240
214.402
217.672
220.792
223.583
226.126
228.418
230.454
232.142
233.390
234.372
234.998
235.267
235.088
234.551
233.925
232.944
231.697
230.365
229.124
227.711
226.126
224.546
222.884
221.053
219.056
216.896
214.316
211.496
208.355
204.816
200.974
196.836
192.496
188.041
183.636
179.361
175.135
170.881
166.754
162.977
159.392
155.993
152.777
149.665
146.799
144.174
141.782
139.619
137.611
135.822
134.183
132.554
131.136
129.927
128.724
127.527
126.401
125.347
124.362
123.448
122.471
121.498
120.594
119.630
118.668
117.712
116.633
115.559
114.428
113.053
111.686
110.391
108.980
107.519
106.068
104.569
103.080
101.662
100.254
98.742
97.184
95.753
94.392
92.984
91.588
90.314
89.104
88.013
87.037
86.067
85.157
84.305
83.563
82.931
82.301
81.778
81.309
80.842
80.479
80.118
79.706
79.295
78.885
78.477
78.121
77.765
77.411
77.158
76.956
76.805
76.705
76.705
76.856
77.209
77.816
78.682
79.861
81.362
83.248
85.479
87.851
90.260
92.593
94.732
96.726
98.568
100.138
101.368
102.547
103.912
105.346
106.974
108.797
110.760
113.053
115.560
118.159
120.853
123.514
126.006
128.258
130.330
132.215
133.843
135.343
136.646
137.748
138.785
139.687
140.523
141.221
141.921
142.482
142.763
142.974
143.115
143.185
143.044
142.693
142.061
141.221
140.244
139.063
137.679
136.028
134.251
132.351
130.396
128.458
126.468
124.494
122.601
120.853
119.245
117.840
116.696
115.811
115.055
114.489
114.176
113.988
113.988
114.176
114.426
114.678
114.866
114.992
114.992
114.803
114.489
114.051
113.488
112.741
111.872
110.945
109.898
108.736
107.519
106.249
104.927
103.615
102.429
101.309
100.080
98.858
97.644
96.496
95.412
94.335
93.265
92.201
91.310
90.479
89.598
88.722
87.904
87.145
86.390
85.691
85.050
84.411
83.881
83.510
83.352
83.352
83.616
84.305
85.264
86.444
87.851
89.489
91.200
92.928
94.618
96.153
97.529
98.742
99.729
100.488
101.132
101.603
101.956
102.191
102.428
102.665
102.783
102.902
103.020
103.198
103.435
103.852
104.748
106.310
108.493
111.441
115.057
118.991
123.190
127.397
131.273
134.867
138.164
141.222
144.103
146.656
149.089
151.397
153.649
155.919
158.205
160.507
162.751
164.859
166.981
169.116
171.110
172.884
174.278
175.288
175.911
176.223
176.145
175.755
175.132
174.355
173.348
172.111
170.879
169.651
168.504
167.512
166.676
165.917
165.387
165.085
164.783
164.481
164.179
163.953
163.802
163.577
163.201
162.675
162.075
161.476
160.730
159.836
158.871
157.760
156.580
155.331
154.014
152.630
151.107
149.448
147.799
146.087
144.102
141.992
139.827
137.542
135.071
132.554
130.061
127.528
124.954
122.407
119.952
117.586
115.434
113.364
111.377
109.592
107.944
106.370
104.868
103.555
102.370
101.309
100.255
99.148
98.105
97.011
95.924
94.844
93.827
92.872
91.922
90.978
90.093
89.214
88.285
87.470
86.767
86.067
85.317
84.624
84.039
83.510
82.983
82.510
82.091
81.726
81.465
81.257
80.997
80.790
80.635
80.479
80.272
80.066
79.912
79.757
79.655
79.552
79.398
79.244
79.141
78.987
78.783
78.579
78.375
78.222
78.070
77.867
77.715
77.614
77.462
77.310
77.259
77.209
77.107
77.057
77.057
77.006
77.057
77.259
77.462
77.664
78.019
78.477
78.834
79.192
79.603
79.963
80.324
80.687
80.997
81.309
81.622
81.935
82.248
82.616
83.036
83.510
84.146
84.943
85.960
87.254
88.832
90.701
92.873
95.242
97.760
100.314
102.844
105.468
108.128
110.760
113.303
115.749
118.159
120.531
122.797
124.888
126.931
128.991
130.799
132.486
134.115
135.549
136.922
138.232
139.480
140.593
141.571
142.412
143.044
143.608
143.960
144.102
144.102
143.960
143.819
143.607
143.255
142.904
142.552
142.131
141.641
141.011
140.244
139.340
138.439
137.472
136.371
135.138
133.639
132.147
130.665
129.058
127.395
125.677
123.970
122.276
120.466
118.669
117.014
115.307
113.551
111.810
110.083
108.370
106.672
104.927
103.258
101.721
100.254
98.800
97.299
95.868
94.561
93.321
92.145
91.033
90.038
89.104
88.285
87.579
86.875
86.282
85.799
85.370
84.943
84.570
84.304
84.039
83.828
83.669
83.563
83.457
83.246
83.088
83.036
82.878
82.616
82.458
82.300
82.143
82.039
81.935
81.882
81.882
82.091
82.616
83.353
84.572
86.444
88.942
92.260
96.328
100.844
105.652
110.518
115.185
119.633
123.842
127.595
130.868
133.775
136.372
138.717
140.872
142.905
144.880
146.942
149.160
151.542
154.088
156.654
159.094
161.403
163.577
165.464
167.057
168.504
169.651
170.725
171.803
172.806
174.122
175.755
177.396
179.044
180.541
181.886
183.077
183.714
183.952
183.873
183.475
182.918
182.203
181.332
180.383
179.595
178.808
177.788
176.770
175.755
174.511
173.116
171.572
169.805
167.818
165.842
163.954
161.852
159.688
157.539
155.332
153.139
150.963
148.873
146.870
144.881
142.974
141.152
139.271
137.472
135.754
134.115
132.621
131.136
129.593
128.125
126.666
125.216
123.905
122.536
121.111
119.630
118.159
116.760
115.370
113.989
112.554
111.130
109.776
108.431
107.035
105.708
104.449
103.199
102.075
101.016
99.905
98.742
97.587
96.496
95.469
94.392
93.265
92.256
91.310
90.314
89.379
88.504
87.687
86.929
86.282
85.691
85.103
84.677
84.358
84.039
83.828
83.775
83.722
83.669
83.722
83.775
83.775
83.775
83.775
83.775
83.775
83.722
83.669
83.616
83.457
83.299
83.193
83.036
82.878
82.668
82.405
82.196
81.987
81.778
81.517
81.257
81.049
80.842
80.687
80.531
80.324
80.221
80.221
80.324
80.635
81.310
82.407
83.988
86.123
88.669
91.702
95.074
98.513
101.841
104.988
108.006
110.760
113.240
115.370
117.141
118.733
120.143
121.369
122.341
123.121
123.839
124.362
124.821
125.347
125.873
126.467
127.195
128.058
129.057
130.263
131.743
133.435
135.343
137.266
139.271
141.502
143.750
145.873
148.013
150.385
152.630
154.672
156.728
158.723
160.730
162.676
164.406
166.070
167.741
169.268
170.495
171.726
172.806
173.657
174.510
175.210
175.678
176.067
176.301
176.457
176.692
176.692
176.535
176.379
176.145
175.833
175.522
174.977
174.278
173.734
173.115
172.342
171.571
170.802
170.110
169.421
168.733
167.970
166.980
165.993
165.009
163.803
162.451
161.029
159.317
157.539
155.771
153.868
151.977
150.096
148.156
146.300
144.668
142.974
141.222
139.688
138.232
136.715
135.207
133.707
132.283
131.001
129.727
128.591
127.527
126.599
125.808
125.149
124.690
124.297
124.101
124.101
124.231
124.428
124.755
125.215
125.676
126.203
126.864
127.593
128.391
129.191
130.061
131.068
132.079
133.095
134.114
135.069
135.890
136.646
137.265
137.748
138.300
138.854
139.409
140.244
141.571
143.256
145.448
148.085
151.180
154.894
158.798
162.753
166.374
169.346
171.803
173.503
174.510
175.054
175.132
174.976
174.821
174.666
174.510
174.510
174.588
174.666
174.899
175.210
175.600
176.145
176.692
177.474
178.651
179.989
181.412
182.919
184.512
186.031
187.395
188.522
189.491
190.300
191.111
191.843
192.331
192.901
193.309
193.554
193.799
193.962
194.044
194.126
194.208
194.208
194.208
194.208
194.208
194.371
194.535
194.535
194.371
194.126
193.799
193.146
192.250
191.112
189.653
187.798
185.711
183.635
181.412
179.123
176.927
174.589
172.342
170.188
167.894
165.691
163.578
161.403
159.242
157.022
154.819
152.702
150.529
148.371
146.372
144.385
142.272
140.245
138.301
136.303
134.251
132.148
130.061
127.992
125.743
123.448
121.176
118.926
116.760
114.678
112.618
110.637
108.736
106.793
104.927
103.258
101.839
100.547
99.263
98.048
96.954
96.038
95.298
94.617
93.996
93.489
93.095
92.703
92.312
91.977
91.643
91.199
90.755
90.424
90.038
89.598
89.159
88.667
88.122
87.632
87.145
86.605
86.013
85.424
84.943
84.517
84.092
83.669
83.247
82.878
82.510
82.196
81.935
81.622
81.309
81.049
80.738
80.376
80.066
79.757
79.449
79.039
78.579
78.222
77.867
77.411
76.906
76.403
75.902
75.453
75.006
74.510
73.967
73.426
72.937
72.449
72.012
71.577
71.190
70.950
70.758
70.566
70.422
70.375
70.422
70.518
70.614
70.806
71.046
71.190
71.383
71.673
71.915
72.060
72.206
72.352
72.498
72.693
72.937
73.279
73.721
74.263
74.907
75.753
76.806
78.020
79.502
81.206
83.037
84.998
87.093
89.161
91.145
93.040
94.788
96.382
97.760
98.916
99.963
100.898
101.603
102.192
102.724
103.079
103.257
103.257
102.961
102.428
101.779
101.074
100.254
99.263
98.220
97.184
96.153
95.241
94.391
93.545
92.871
92.312
91.865
91.476
91.088
90.810
90.534
90.258
90.038
89.817
89.597
89.323
88.885
88.394
87.904
87.361
86.713
85.960
85.210
84.412
83.564
82.773
81.988
81.206
80.531
79.912
79.346
78.885
78.426
77.968
77.563
77.158
76.705
76.203
75.753
75.354
74.956
74.560
74.164
73.721
73.279
72.888
72.547
72.206
71.818
71.528
71.239
70.902
70.614
70.279
69.992
69.755
69.469
69.137
68.854
68.571
68.241
68.007
67.773
67.492
67.259
67.074
66.888
66.656
66.470
66.286
66.010
65.780
65.550
65.412
65.367
65.367
65.550
65.964
66.657
67.727
69.138
70.904
72.988
75.206
77.514
79.811
82.041
84.147
86.122
87.960
89.654
91.366
93.209
95.299
97.876
100.900
104.572
109.169
114.496
120.473
126.938
133.577
140.181
146.590
152.415
157.616
162.153
165.995
169.269
172.035
174.355
176.068
177.239
178.023
178.415
178.337
177.788
176.848
175.522
173.890
172.034
170.035
167.894
165.615
163.202
160.657
158.057
155.332
152.703
150.169
147.656
145.093
142.483
139.967
137.542
135.139
132.689
130.330
127.993
125.546
123.122
120.788
118.478
116.191
113.990
111.872
109.776
107.702
105.708
103.734
101.839
100.021
98.164
96.325
94.448
92.593
90.867
89.215
87.633
86.229
84.891
83.564
82.354
81.258
80.274
79.398
78.681
78.020
77.360
76.755
76.253
75.802
75.354
74.906
74.461
74.065
73.623
73.133
72.644
72.206
71.722
71.191
70.710
70.136
69.564
69.043
68.524
67.914
67.214
66.610
66.010
65.413
64.819
64.229
63.687
63.193
62.790
62.344
61.856
61.459
61.107
60.800
60.538
60.276
60.058
59.928
59.755
59.538
59.452
59.409
59.322
59.236
59.193
59.107
58.978
58.935
58.893
58.850
58.807
58.764
58.678
58.549
58.421
58.251
58.081
57.825
57.529
57.318
57.107
56.813
56.478
56.186
55.977
55.811
55.687
55.646
55.646
55.728
55.936
56.269
56.687
57.149
57.699
58.337
58.978
59.625
60.364
61.107
61.768
62.433
63.013
63.507
63.912
64.184
64.410
64.546
64.591
64.637
64.637
64.546
64.455
64.319
64.138
63.957
63.732
63.462
63.148
62.834
62.522
62.166
61.812
61.459
61.107
60.756
60.450
60.102
59.712
59.409
59.150
58.850
58.549
58.293
57.996
57.698
57.444
57.149
56.813
56.478
56.144
55.853
55.646
55.398
55.109
54.862
54.617
54.371
54.127
53.843
53.600
53.398
53.157
52.916
52.675
52.476
52.237
51.959
51.722
51.446
51.249
51.092
50.858
50.624
50.429
50.274
50.119
49.965
49.772
49.580
49.388
49.197
49.045
48.892
48.778
48.702
48.588
48.437
48.324
48.211
48.098
48.022
47.947
47.910
47.910
47.910
47.910
47.910
47.910
47.910
47.872
47.835
47.835
47.835
47.872
47.910
47.910
47.947
47.984
48.022
48.098
48.098
48.060
48.060
48.060
48.060
48.098
48.135
48.173
48.211
48.173
48.135
48.173
48.173
48.135
48.135
48.135
48.135
48.135
48.098
48.060
48.022
47.947
47.872
47.835
47.835
47.835
47.835
47.872
48.022
48.437
49.274
50.744
53.040
56.276
60.460
65.331
70.529
75.661
80.434
84.628
88.124
91.089
93.547
95.526
97.069
98.279
99.263
100.021
100.663
101.191
101.720
102.428
103.377
104.629
106.069
107.641
109.286
110.822
112.244
113.426
114.176
114.552
114.615
114.364
113.738
112.865
111.810
110.637
109.409
108.127
106.793
105.347
104.031
102.783
101.544
100.313
99.090
97.932
96.839
95.810
94.844
93.940
93.040
92.200
91.421
90.645
89.928
89.269
88.667
88.122
87.632
87.199
86.767
86.336
85.906
85.477
85.103
84.677
84.198
83.775
83.247
82.721
82.196
81.570
80.946
80.273
79.552
78.835
78.071
77.260
76.454
75.703
74.957
74.214
73.427
72.644
71.867
71.095
70.328
69.470
68.619
67.773
66.934
66.102
65.322
64.592
63.957
63.372
62.790
62.255
61.768
61.327
60.888
60.538
60.232
59.928
59.668
59.452
59.322
59.236
59.150
59.107
59.021
58.850
58.721
58.592
58.421
58.293
58.208
58.123
57.996
57.825
57.698
57.613
57.528
57.486
57.444
57.402
57.444
57.486
57.613
58.038
58.807
60.103
62.258
65.510
69.954
75.265
80.955
86.722
92.207
97.132
101.253
104.630
107.338
109.286
110.575
111.253
111.438
111.376
111.006
110.451
109.776
108.857
107.944
107.155
106.429
105.767
105.286
104.987
104.807
104.687
104.747
104.987
105.286
106.008
107.277
109.348
112.494
116.764
122.152
128.265
134.529
140.668
146.517
151.762
156.362
160.434
163.955
166.981
169.652
172.035
174.278
176.302
178.338
180.305
182.045
183.714
185.310
186.832
188.200
189.330
190.382
191.355
192.086
192.738
193.309
193.717
193.962
194.208
194.371
194.453
194.617
194.699
194.781
194.945
195.191
195.273
195.273
195.273
194.945
194.208
193.146
191.843
190.220
188.039
185.551
182.919
179.990
177.006
174.046
171.111
168.200
165.464
162.901
160.507
158.353
156.434
154.745
153.284
152.121
151.323
150.745
150.384
150.456
150.817
151.468
152.630
154.087
155.552
157.170
158.871
160.357
161.627
162.525
162.900
162.900
162.675
162.225
161.626
161.103
160.357
159.539
159.019
158.648
158.204
157.686
157.317
156.948
156.726
156.579
156.359
156.065
155.771
155.551
155.330
155.110
154.891
154.818
154.964
155.257
155.771
156.728
157.983
159.465
161.403
163.577
165.843
168.428
171.033
173.503
176.146
178.730
180.937
182.998
184.831
186.512
188.039
189.168
190.301
191.274
192.087
192.738
193.064
193.391
193.636
193.799
193.962
193.962
194.044
194.371
194.699
195.355
196.587
198.485
201.056
204.313
208.271
212.606
216.983
221.141
224.985
228.507
231.520
234.284
236.703
238.774
240.580
242.030
243.120
243.666
244.030
244.121
243.939
243.393
242.303
240.852
239.315
237.962
236.344
234.551
232.944
231.075
229.125
227.270
225.335
223.145
220.618
217.672
214.316
210.645
206.582
202.057
197.167
192.253
187.077
181.810
176.695
171.652
166.831
162.079
157.467
153.141
149.090
145.307
141.713
138.372
135.344
132.621
130.128
127.793
125.611
123.644
121.758
119.951
118.286
116.697
115.307
113.989
112.679
111.500
110.329
109.163
108.187
107.276
106.309
105.406
104.509
103.614
102.783
102.133
101.485
100.780
100.195
99.612
99.031
98.451
97.816
97.183
96.610
95.924
95.298
94.731
94.165
93.714
93.208
92.703
92.200
91.809
91.532
91.254
91.032
90.700
90.369
90.093
89.708
89.323
88.885
88.285
87.687
87.091
86.444
85.799
85.157
84.570
84.039
83.458
82.878
82.353
81.882
81.465
81.153
80.945
80.842
80.945
81.309
81.988
82.984
84.359
86.176
88.341
90.702
93.322
96.155
99.033
101.840
104.630
107.520
110.453
113.490
116.635
120.146
124.234
128.795
133.846
139.415
145.168
150.894
156.584
161.929
166.907
171.342
175.212
178.574
181.412
183.873
185.871
187.476
188.845
189.977
190.868
191.599
192.249
192.656
192.820
193.064
193.228
193.309
193.472
193.554
193.554
193.636
193.636
193.636
193.636
193.636
193.717
193.717
193.799
193.880
193.880
194.044
194.371
194.781
195.519
196.423
197.329
198.485
199.726
200.639
201.471
202.221
202.554
202.388
201.471
200.224
198.485
195.930
192.984
189.493
185.631
181.572
177.242
172.808
168.354
163.956
159.690
155.554
151.615
147.943
144.669
141.643
138.718
136.029
133.571
131.406
129.392
127.395
125.348
123.448
121.758
120.015
118.286
116.697
115.181
113.676
112.244
110.945
109.715
108.553
107.518
106.671
105.888
105.226
104.687
104.150
103.792
103.614
103.554
103.673
103.912
104.329
104.927
105.647
106.550
107.518
108.553
109.776
111.068
112.430
113.863
115.118
116.316
117.585
118.796
119.951
121.046
122.212
123.383
124.625
126.072
127.727
129.793
132.284
135.345
139.065
143.400
148.303
153.433
158.652
163.655
168.354
172.731
176.459
179.517
182.284
184.671
186.432
187.959
189.168
190.058
190.787
191.436
191.924
192.331
192.738
193.064
193.554
194.454
195.930
198.155
201.140
204.732
208.948
213.375
217.673
221.838
225.424
228.418
231.075
233.301
234.909
235.895
236.612
237.241
237.602
237.602
237.331
237.241
236.972
236.343
235.715
235.088
234.551
233.836
233.033
232.231
231.430
230.720
230.098
229.567
228.947
228.328
227.799
227.270
226.741
226.213
225.335
224.107
222.796
220.879
218.277
215.261
211.752
207.848
203.560
198.901
194.048
189.090
184.115
179.204
174.281
169.423
164.710
160.137
155.700
151.471
147.514
143.681
139.968
136.441
133.029
129.861
126.866
123.906
121.112
118.478
116.065
113.740
111.440
109.225
107.156
105.168
103.199
101.426
99.730
97.990
96.382
94.901
93.433
92.145
90.978
89.873
88.940
88.122
87.362
86.659
86.067
85.477
84.943
84.517
84.092
83.722
83.457
83.246
83.141
83.141
83.193
83.352
83.669
84.039
84.464
84.943
85.424
85.906
86.444
86.983
87.470
87.958
88.503
89.104
89.708
90.424
91.199
92.089
93.096
94.166
95.299
96.439
97.702
98.974
100.196
101.368
102.547
103.912
105.286
106.671
108.188
109.838
111.686
113.614
115.496
117.459
119.502
121.629
124.037
126.733
129.795
133.437
137.612
142.275
147.373
152.633
157.837
162.904
167.820
172.267
176.147
179.596
182.601
185.071
186.993
188.765
190.301
191.517
192.168
192.657
193.309
193.717
193.962
194.290
194.617
194.781
194.863
195.027
195.437
196.094
197.082
198.650
200.806
203.224
206.076
209.286
212.434
215.260
217.932
220.531
222.709
224.546
226.038
227.006
227.534
227.799
227.799
227.358
226.741
225.950
224.808
223.407
221.836
220.096
217.931
215.518
212.776
209.371
205.824
202.139
197.991
193.638
189.090
184.434
179.913
175.446
171.035
166.830
162.828
158.947
155.113
151.543
148.372
145.448
142.694
140.176
137.818
135.549
133.435
131.540
129.794
128.059
126.468
125.084
123.904
122.861
121.952
121.304
120.787
120.401
120.529
121.045
121.757
122.731
123.774
124.887
126.138
127.262
128.191
128.990
129.525
129.926
130.127
130.127
129.993
129.792
129.525
129.191
128.990
128.723
128.390
128.257
128.390
128.657
129.124
129.793
130.597
131.607
132.689
133.911
135.343
136.853
138.371
140.036
141.921
143.962
146.158
148.515
151.108
154.088
157.319
160.657
164.030
167.514
171.111
174.512
177.632
180.305
182.522
184.512
186.271
187.717
189.007
190.138
191.030
191.761
192.249
192.575
193.064
193.472
193.799
194.126
194.290
194.535
194.699
194.781
195.109
195.848
196.999
198.733
201.139
203.893
206.750
209.710
212.776
215.690
218.364
220.705
222.796
224.721
226.390
227.976
229.301
230.453
231.341
231.874
232.142
232.142
231.964
231.519
230.897
230.276
229.390
228.241
227.182
226.038
224.634
223.058
221.314
219.403
217.327
214.917
212.093
208.947
205.571
201.972
198.156
194.292
190.383
186.433
182.523
178.653
174.979
171.342
167.743
164.407
161.179
157.909
154.819
151.977
149.161
146.372
143.609
140.942
138.371
135.755
133.096
130.465
127.860
125.217
122.667
120.145
117.713
115.497
113.364
111.316
109.409
107.641
106.008
104.449
103.021
101.956
101.133
100.312
99.554
98.915
98.451
98.163
97.932
97.701
97.528
97.528
97.643
97.816
97.932
98.047
98.163
98.163
98.163
98.047
97.874
97.643
97.298
96.954
96.609
96.266
95.924
95.582
95.184
94.787
94.391
93.939
93.489
93.095
92.703
92.312
92.032
91.754
91.365
90.921
90.645
90.479
90.314
90.203
90.203
90.369
90.867
91.811
93.265
95.470
98.513
102.314
106.858
112.063
117.782
123.911
130.134
136.240
142.277
148.088
153.579
158.800
163.504
167.743
171.727
175.212
178.181
180.779
182.919
184.671
186.111
187.395
188.522
189.491
190.300
190.868
191.274
191.517
191.680
191.924
192.249
192.493
192.575
192.656
192.820
193.064
193.309
193.636
194.208
194.945
196.012
197.577
199.644
201.888
204.228
206.834
209.286
211.495
213.716
215.604
217.241
218.883
220.357
221.574
222.621
223.582
224.545
225.335
226.037
226.741
227.358
227.887
228.328
228.682
228.682
228.594
228.328
227.622
226.653
225.422
223.845
221.923
219.663
217.154
214.402
211.326
208.101
204.816
201.722
198.899
196.013
193.392
190.869
188.362
186.271
184.193
181.887
179.517
177.006
174.356
171.649
168.963
166.298
163.804
161.477
159.168
157.170
155.478
154.014
152.630
151.180
149.808
148.443
147.013
145.376
143.609
141.782
139.966
138.232
136.440
134.660
132.892
131.271
129.861
128.591
127.527
126.666
125.939
125.478
125.347
125.544
126.071
126.930
128.125
129.592
131.338
133.503
135.960
138.718
141.923
145.449
149.306
153.287
157.393
161.554
165.465
169.193
172.653
175.757
178.416
180.541
182.283
183.794
185.070
186.111
187.073
187.958
188.845
189.572
190.300
191.192
191.924
192.983
194.536
196.671
199.728
203.476
208.187
213.547
218.972
224.373
229.304
233.838
237.873
241.306
244.123
246.497
248.698
250.816
252.757
254.241
255.449
256.754
258.248
259.371
260.215
261.154
261.718
261.813
261.813
261.718
261.530
261.248
260.778
260.496
260.121
259.652
259.183
258.622
258.154
257.500
256.846
256.008
254.984
254.055
253.035
251.740
250.263
248.698
246.954
245.125
243.302
241.486
239.856
238.323
236.703
235.178
233.658
232.053
230.365
228.506
226.302
223.933
221.314
218.191
214.660
210.900
206.835
202.307
197.579
192.822
187.961
183.159
178.418
173.737
169.194
164.936
160.807
156.656
152.850
149.377
146.230
143.187
140.246
137.611
135.139
132.757
130.665
128.725
126.799
125.019
123.318
121.693
120.079
118.541
117.141
115.812
114.553
113.240
111.934
110.698
109.470
108.309
107.216
106.129
105.166
104.210
103.139
102.192
101.367
100.546
99.729
98.858
97.932
97.126
96.438
95.810
95.354
94.957
94.504
94.052
93.545
93.095
92.703
92.256
91.865
91.476
91.032
90.645
90.314
90.093
90.093
90.203
90.534
91.254
92.424
94.222
96.726
99.907
103.797
108.497
113.744
119.315
125.155
130.737
135.964
140.875
145.308
149.162
152.631
155.773
158.575
161.403
164.256
167.057
169.882
172.807
175.679
178.416
180.937
183.078
184.991
186.752
188.119
189.330
190.463
191.355
192.086
192.656
193.064
193.472
193.717
193.880
194.044
194.208
194.371
194.535
194.699
194.781
195.109
195.683
196.670
198.237
200.224
202.639
205.403
208.270
211.240
214.059
216.378
218.363
219.923
220.791
221.400
221.836
221.749
221.487
221.052
220.270
219.402
218.363
217.068
215.518
213.716
211.496
208.862
206.076
202.890
199.231
195.274
191.114
186.834
182.365
177.790
173.273
168.812
164.484
160.285
156.287
152.559
149.018
145.804
142.976
140.454
138.163
136.165
134.523
133.095
131.810
130.732
129.793
128.857
127.925
126.996
126.072
125.215
124.362
123.513
122.666
121.822
121.110
120.401
119.565
118.732
117.967
117.203
116.443
115.873
115.558
115.369
115.244
115.181
115.306
115.684
116.253
117.013
117.967
119.181
120.595
121.952
123.383
125.019
126.600
128.124
129.659
131.136
132.621
134.115
135.686
137.334
139.063
140.872
142.764
144.880
147.156
149.592
152.267
155.185
158.353
161.628
164.936
168.200
171.419
174.667
177.475
179.911
182.204
184.193
185.871
187.476
188.845
189.896
190.868
191.680
192.331
192.820
193.309
193.636
193.799
194.044
194.208
194.290
194.453
194.453
194.535
194.863
195.191
195.848
196.999
198.485
200.474
202.890
205.487
208.100
210.644
213.117
215.346
217.241
218.883
220.357
221.400
222.185
222.795
222.882
222.708
222.359
221.662
220.878
220.009
218.796
217.499
216.206
214.830
213.459
211.922
210.134
208.185
206.075
203.726
201.056
198.238
195.274
192.169
188.927
185.551
182.284
179.124
175.991
172.807
169.805
166.905
164.105
161.552
159.020
156.581
154.233
151.904
149.664
147.584
145.589
143.538
141.501
139.688
137.956
136.165
134.523
133.028
131.675
130.397
128.991
127.726
126.599
125.478
124.363
123.317
122.406
121.498
120.723
120.015
119.308
118.604
117.839
117.203
116.632
116.063
115.495
114.866
114.301
113.676
113.052
112.492
112.057
111.685
111.253
110.882
110.512
110.205
110.021
109.837
109.652
109.530
109.407
109.346
109.346
109.346
109.346
109.346
109.407
109.468
109.468
109.468
109.530
109.652
109.775
109.960
110.205
110.451
110.759
111.129
111.438
111.809
112.305
112.803
113.364
113.988
114.615
115.181
115.748
116.379
116.949
117.521
118.158
118.796
119.501
120.272
121.110
122.082
123.056
124.035
125.150
126.270
127.395
128.591
129.861
131.136
132.486
133.979
135.412
136.784
138.094
139.341
140.523
141.501
142.271
142.904
143.396
143.819
144.172
144.384
144.526
144.526
144.384
144.172
143.749
143.044
142.061
140.872
139.549
137.956
136.165
134.251
132.216
130.128
127.860
125.480
123.187
120.917
118.733
116.760
114.930
113.177
111.563
110.206
108.980
107.822
106.853
106.008
105.286
104.687
104.090
103.554
103.020
102.546
102.133
101.661
101.191
100.722
100.195
99.496
98.741
97.989
97.183
96.267
95.355
94.392
93.209
92.034
90.867
89.654
88.449
87.308
86.122
84.890
83.722
82.616
81.570
80.583
79.757
79.090
78.477
77.968
77.563
77.158
76.856
76.604
76.353
76.152
75.852
75.553
75.354
75.154
74.906
74.560
74.164
73.770
73.377
72.937
72.498
72.061
71.625
71.191
70.758
70.327
69.897
69.517
69.137
68.807
68.524
68.241
67.914
67.633
67.446
67.306
67.259
67.306
67.492
67.867
68.477
69.423
70.615
72.110
73.968
76.004
78.173
80.430
82.617
84.785
86.931
88.887
90.701
92.425
94.166
95.925
97.645
99.497
101.368
103.258
105.228
107.216
109.347
111.377
113.365
115.370
117.268
119.117
120.853
122.536
124.166
125.610
126.997
128.391
129.727
131.069
132.418
133.843
135.412
136.990
138.647
140.383
142.132
143.820
145.306
146.728
148.013
149.160
150.168
150.962
151.541
152.048
152.483
152.775
152.993
152.993
152.847
152.556
152.193
151.831
151.251
150.456
149.520
148.442
147.155
145.589
143.891
142.132
140.245
138.163
135.823
133.368
131.002
128.725
126.402
124.102
121.888
119.822
117.904
116.190
114.679
113.177
111.748
110.391
109.102
107.883
106.792
105.768
104.688
103.615
102.547
101.544
100.546
99.380
98.105
96.782
95.469
94.166
92.760
91.310
89.928
88.559
87.146
85.799
84.518
83.248
82.040
80.895
79.758
78.784
77.918
77.008
76.103
75.354
74.659
73.918
73.280
72.693
72.158
71.625
71.095
70.614
70.184
69.802
69.375
68.948
68.618
68.289
67.960
67.633
67.260
66.934
66.702
66.471
66.148
65.872
65.688
65.504
65.275
65.002
64.819
64.682
64.546
64.455
64.319
64.184
64.093
64.048
63.957
63.867
63.867
63.822
63.777
63.777
63.777
63.822
63.912
63.957
64.003
64.093
64.229
64.365
64.500
64.682
64.910
65.184
65.412
65.596
65.780
66.010
66.286
66.563
66.842
67.120
67.446
67.773
68.007
68.241
68.429
68.524
68.665
68.760
68.760
68.807
68.854
68.854
68.854
68.854
68.901
68.948
68.948
68.948
68.996
69.043
69.043
69.043
69.043
68.996
68.901
68.807
68.665
68.524
68.382
68.194
68.007
67.820
67.586
67.352
67.166
66.981
66.795
66.610
66.470
66.332
66.194
66.010
65.780
65.596
65.412
65.184
64.910
64.637
64.410
64.184
63.912
63.597
63.282
63.013
62.745
62.389
61.989
61.679
61.371
61.063
60.800
60.625
60.494
60.363
60.276
60.232
60.232
60.232
60.276
60.363
60.450
60.494
60.538
60.581
60.581
60.581
60.581
60.494
60.363
60.232
60.058
59.798
59.495
59.279
59.021
58.678
58.336
57.996
57.656
57.360
57.023
56.603
56.227
55.894
55.522
55.150
54.821
54.453
54.086
53.802
53.519
53.237
52.916
52.635
52.436
52.197
51.959
51.722
51.525
51.368
51.249
51.131
51.053
51.014
51.014
51.171
51.564
52.317
53.440
54.946
56.899
59.197
61.771
64.505
67.170
69.805
72.354
74.810
77.210
79.554
81.885
84.254
86.715
89.216
91.756
94.506
97.416
100.256
103.201
106.371
109.717
113.367
117.270
121.372
125.811
130.467
135.209
140.039
144.670
148.875
152.704
156.140
158.872
160.880
162.300
163.126
163.426
163.351
162.975
162.150
161.104
160.060
158.797
157.391
156.065
154.818
153.649
152.484
151.468
150.601
149.735
149.016
148.370
147.655
146.869
146.015
145.022
143.890
142.623
141.222
139.758
138.163
136.372
134.387
132.283
130.128
127.926
125.611
123.188
120.724
118.286
115.875
113.428
111.007
108.615
106.190
103.854
101.604
99.265
96.898
94.563
92.314
90.205
88.286
86.498
84.731
83.142
81.727
80.428
79.245
78.223
77.311
76.454
75.753
75.204
74.659
74.115
73.672
73.279
72.888
72.547
72.255
71.915
71.528
71.238
71.094
70.950
70.758
70.614
70.470
70.327
70.231
70.088
69.945
69.897
69.850
69.707
69.612
69.517
69.327
69.137
68.948
68.760
68.571
68.382
68.147
67.867
67.586
67.260
66.934
66.656
66.332
65.918
65.504
65.093
64.637
64.184
63.777
63.372
62.924
62.433
61.945
61.503
61.019
60.581
60.232
59.971
59.798
59.755
59.971
60.581
61.813
63.825
66.894
71.200
76.464
82.259
88.240
94.174
99.736
104.752
109.412
113.805
118.098
122.540
127.132
131.746
136.236
140.665
144.882
148.731
152.195
155.038
157.392
159.316
160.955
162.526
164.180
165.918
167.894
170.188
172.575
174.978
177.397
179.753
181.966
183.953
185.631
187.154
188.522
189.572
190.463
191.274
191.843
192.249
192.493
192.493
192.168
191.517
190.544
189.169
187.557
185.871
184.113
182.522
181.174
180.147
179.359
178.730
178.101
177.396
176.692
175.833
174.744
173.503
172.188
170.572
168.810
167.057
165.313
163.577
161.552
159.391
157.244
155.112
152.848
150.529
148.299
145.945
143.538
141.152
138.717
136.235
133.775
131.406
129.058
126.601
124.167
121.888
119.630
117.458
115.434
113.427
111.563
109.776
108.005
106.370
104.748
103.199
101.839
100.605
99.380
98.163
97.069
96.039
94.958
93.940
92.984
92.033
91.144
90.258
89.379
88.504
87.687
86.929
86.175
85.584
85.156
84.890
84.890
85.050
85.424
86.067
86.875
87.959
89.709
92.538
96.961
103.210
110.896
119.581
128.403
136.379
143.191
148.517
152.486
155.258
156.949
158.056
158.500
158.574
158.574
158.574
158.722
159.167
160.134
161.552
163.427
165.691
168.276
171.034
173.813
176.537
179.123
181.570
183.634
185.470
187.154
188.442
189.572
190.544
191.192
191.843
192.493
192.983
193.554
194.536
195.766
197.494
200.142
203.308
207.088
211.326
215.433
219.404
222.971
225.774
228.065
229.744
230.631
230.897
230.631
230.098
229.213
228.064
226.742
225.247
223.670
221.488
218.883
216.034
212.605
208.693
204.732
200.476
195.850
191.114
186.354
181.809
177.320
172.885
168.659
164.634
160.806
157.098
153.577
150.314
147.299
144.527
141.782
139.202
136.921
134.661
132.418
130.329
128.192
126.006
123.905
121.823
119.758
117.713
115.686
113.677
111.749
109.776
107.823
105.948
103.972
102.075
100.313
98.511
96.668
94.788
92.984
91.255
89.544
88.013
86.498
84.944
83.511
82.197
80.947
79.758
78.682
77.766
76.907
76.103
75.453
74.906
74.411
73.967
73.623
73.328
73.083
72.839
72.596
72.449
72.303
72.157
72.108
72.060
71.963
71.915
71.963
71.963
71.963
72.012
72.060
72.206
72.352
72.498
72.693
72.937
73.230
73.476
73.721
73.967
74.213
74.510
74.757
75.005
75.204
75.403
75.802
76.303
76.957
77.969
79.399
81.467
84.415
88.181
92.597
97.419
102.256
106.917
111.318
115.183
118.606
121.629
124.102
126.204
127.925
129.258
130.262
131.068
131.742
132.282
132.823
133.366
134.046
134.864
135.822
137.059
138.717
140.872
143.539
146.728
150.314
154.308
158.503
162.603
166.526
170.343
174.047
177.319
180.148
182.601
184.671
186.432
187.878
189.007
189.653
189.815
189.572
188.845
187.637
186.031
184.033
181.728
179.202
176.615
174.046
171.418
168.886
166.525
164.482
162.751
161.253
159.985
158.945
158.056
157.169
156.285
155.404
154.379
153.211
151.976
150.529
149.017
147.441
145.589
143.609
141.641
139.619
137.473
135.275
133.028
130.800
128.591
126.402
124.167
121.952
119.887
117.840
115.875
113.990
112.120
110.329
108.614
107.035
105.467
103.912
102.488
101.192
99.905
98.510
97.241
96.039
94.844
93.714
92.648
91.644
90.701
89.818
88.886
88.013
87.253
86.551
85.852
85.210
84.677
84.198
83.828
83.669
83.669
83.775
84.092
84.677
85.639
86.929
88.504
90.315
92.314
94.562
97.071
99.673
102.371
105.349
108.616
112.247
116.256
120.986
126.606
132.831
139.486
146.378
153.145
159.470
165.164
170.191
174.513
178.102
181.254
183.873
185.951
187.798
189.330
190.544
191.517
192.249
192.983
193.391
193.636
193.962
194.208
194.535
194.945
195.601
196.835
198.568
200.890
203.809
207.257
211.155
215.004
218.711
222.011
224.897
227.358
229.213
230.542
231.341
231.696
231.519
230.986
230.276
229.301
228.417
227.446
226.301
225.159
224.020
222.709
221.140
219.316
216.896
213.973
210.560
206.751
202.557
197.909
193.067
188.202
183.160
178.026
173.041
168.049
163.204
158.503
153.798
149.307
145.166
141.293
137.612
134.116
130.801
127.661
124.691
121.888
119.246
116.824
114.616
112.555
110.637
108.736
106.974
105.347
103.793
102.311
100.957
99.672
98.394
97.241
96.096
95.014
94.053
93.096
92.145
91.144
90.093
89.159
88.231
87.254
86.283
85.318
84.306
83.405
82.616
81.778
81.050
80.479
80.015
79.603
79.244
78.987
78.783
78.630
78.579
78.579
78.579
78.630
78.681
78.681
78.681
78.681
78.681
78.630
78.528
78.426
78.324
78.222
78.070
77.917
77.765
77.664
77.563
77.411
77.360
77.360
77.360
77.411
77.563
77.715
77.968
78.324
78.681
79.141
79.757
80.428
81.154
81.988
82.826
83.722
84.730
85.853
87.037
88.231
89.599
91.200
92.872
94.732
96.898
99.324
101.899
104.750
108.007
111.379
114.743
118.097
121.500
124.955
128.393
131.744
134.935
138.233
141.853
145.733
149.955
154.528
159.170
163.730
168.124
172.344
176.069
179.203
181.887
184.033
185.630
186.592
186.993
186.993
186.431
185.390
184.113
182.680
181.095
179.360
177.788
176.302
174.822
173.503
172.342
171.340
170.571
170.110
169.727
169.421
169.344
169.268
169.191
169.038
168.503
167.893
167.208
166.221
165.009
163.577
161.926
159.985
157.909
155.772
153.504
151.107
148.587
146.016
143.398
140.733
138.094
135.412
132.757
130.129
127.461
124.888
122.407
119.952
117.523
115.182
112.991
110.883
108.798
106.853
105.047
103.258
101.662
100.196
98.742
97.414
96.210
95.072
93.996
93.040
92.145
91.310
90.535
89.818
89.104
88.394
87.741
87.037
86.336
85.691
85.050
84.411
83.828
83.299
82.773
82.301
81.935
81.674
81.413
81.205
81.152
81.152
81.205
81.361
81.726
82.301
83.195
84.625
86.606
89.106
92.260
96.042
100.200
104.692
109.412
114.181
118.865
123.451
127.862
131.947
135.893
139.759
143.469
147.085
150.603
153.869
156.876
159.763
162.526
165.086
167.590
170.188
172.652
174.978
177.319
179.517
181.491
183.396
184.990
186.351
187.717
188.764
189.734
190.624
191.192
191.680
192.168
192.493
192.738
192.983
193.064
193.228
193.309
193.309
193.391
193.391
193.554
193.962
194.617
195.602
196.917
198.650
200.806
203.224
205.655
208.100
210.389
212.348
213.973
215.174
215.775
215.860
215.431
214.316
212.775
210.729
208.270
205.487
202.222
198.734
195.029
191.113
187.155
183.318
179.440
175.524
171.804
168.048
164.483
161.030
157.540
154.235
151.180
148.229
145.377
142.694
140.106
137.680
135.275
132.892
130.666
128.458
126.204
123.971
121.823
119.758
117.713
115.749
113.802
111.934
110.206
108.553
107.035
105.648
104.270
102.902
101.720
100.664
99.438
98.220
97.184
96.153
95.185
94.166
93.096
92.200
91.421
90.645
89.818
89.050
88.394
87.795
87.145
86.497
85.960
85.477
84.996
84.517
84.145
83.828
83.563
83.405
83.299
83.193
83.193
83.246
83.246
83.352
83.510
83.669
83.881
84.092
84.411
84.730
84.943
85.210
85.530
85.852
86.174
86.551
86.983
87.470
88.122
88.940
89.873
90.978
92.313
93.883
95.755
97.991
100.607
103.676
107.462
112.000
117.209
123.063
129.264
135.486
141.436
146.588
150.675
153.868
156.212
157.835
158.871
159.316
159.464
159.612
159.910
160.432
161.253
162.601
164.331
166.525
169.269
172.267
175.368
178.417
181.254
183.714
185.951
187.959
189.573
190.868
191.924
192.901
193.554
193.962
194.371
194.699
194.945
195.109
195.437
196.012
196.670
197.659
199.147
200.723
202.389
203.977
205.403
206.833
208.015
209.116
209.964
210.218
209.964
209.285
208.015
206.075
203.642
200.640
197.000
193.066
189.009
184.833
180.622
176.382
172.267
168.124
164.031
160.062
156.214
152.559
149.090
145.804
142.624
139.758
137.129
134.593
132.148
129.861
127.726
125.677
123.774
121.823
119.951
118.286
116.633
115.181
113.739
112.244
110.883
109.592
108.370
107.216
106.129
105.047
104.031
103.139
102.252
101.426
100.722
99.962
99.205
98.510
97.874
97.356
97.011
96.896
96.954
97.183
97.644
98.278
99.089
100.079
101.133
102.193
103.318
104.569
105.948
107.459
109.102
111.069
113.428
116.065
119.119
122.537
125.942
129.327
132.690
135.755
138.440
140.872
142.975
144.668
146.015
147.155
148.156
148.944
149.591
150.240
150.817
151.251
151.686
152.048
152.484
153.066
153.941
155.111
156.360
157.835
159.465
161.253
163.126
164.783
166.221
167.437
168.504
169.268
169.727
169.880
169.727
169.498
169.268
169.038
168.732
168.351
168.046
167.817
167.588
167.436
167.208
166.676
165.917
165.161
164.105
162.751
161.104
159.242
157.391
155.332
153.285
151.252
149.089
147.083
145.164
143.186
141.222
139.341
137.610
135.822
133.979
132.283
130.799
129.325
127.792
126.468
125.281
124.231
123.252
122.276
121.498
120.916
120.465
120.079
119.822
119.886
120.079
120.143
120.208
120.272
120.208
120.015
119.629
119.052
118.222
117.204
116.127
114.867
113.364
111.810
110.329
108.797
107.216
105.588
103.972
102.370
100.781
99.264
97.702
96.096
94.504
92.984
91.477
89.983
88.559
87.146
85.799
84.518
83.300
82.197
81.206
80.325
79.500
78.783
78.223
77.765
77.411
77.108
76.856
76.705
76.554
76.403
76.253
76.102
76.002
75.852
75.703
75.603
75.453
75.304
75.204
75.055
74.856
74.659
74.510
74.411
74.312
74.213
74.114
74.065
74.065
74.065
74.016
73.967
74.016
74.065
74.065
74.114
74.164
74.312
74.560
74.757
74.906
75.055
75.204
75.354
75.653
76.103
76.806
77.766
78.886
80.274
81.936
83.670
85.478
87.308
89.106
90.923
92.704
94.562
96.554
98.626
100.664
102.785
105.168
107.702
110.330
113.054
115.749
118.478
121.306
124.037
126.733
129.259
131.608
134.047
136.440
138.786
141.152
143.397
145.519
147.655
149.736
151.686
153.576
155.332
156.802
158.056
159.093
159.836
160.283
160.357
160.134
159.761
159.093
158.278
157.391
156.286
155.258
154.306
153.357
152.412
151.468
150.456
149.376
148.299
147.226
146.157
144.951
143.749
142.553
141.222
139.827
138.440
136.921
135.344
133.707
132.012
130.329
128.591
126.733
124.822
122.992
121.111
119.181
117.267
115.496
113.739
111.996
110.391
108.736
107.095
105.587
104.151
102.783
101.603
100.488
99.263
98.163
97.184
96.210
95.298
94.504
93.826
93.152
92.591
92.089
91.643
91.310
90.977
90.700
90.479
90.258
90.038
89.817
89.543
89.269
88.940
88.557
88.176
87.741
87.307
86.821
86.282
85.852
85.530
85.316
85.263
85.370
85.799
86.552
87.579
88.832
90.204
91.755
93.434
95.071
96.668
98.163
99.555
100.840
102.016
103.139
104.210
105.226
106.128
106.913
107.579
108.126
108.552
108.796
108.918
108.980
108.918
108.796
108.613
108.369
108.125
107.883
107.640
107.518
107.518
107.640
107.943
108.308
108.796
109.408
110.082
110.759
111.438
112.119
112.741
113.426
114.051
114.552
114.929
115.244
115.495
115.684
115.873
116.063
116.253
116.506
116.886
117.139
117.394
117.775
118.221
118.668
119.052
119.436
119.693
119.822
119.886
119.822
119.629
119.308
118.924
118.413
117.712
116.886
115.937
114.929
113.738
112.492
111.253
109.960
108.736
107.458
106.129
104.808
103.496
102.311
101.133
99.905
98.742
97.472
96.210
95.072
93.884
92.648
91.421
90.258
89.159
88.067
86.983
85.906
84.890
84.040
83.300
82.511
81.830
81.309
80.842
80.479
80.169
79.963
79.809
79.706
79.655
79.603
79.552
79.500
79.500
79.449
79.346
79.244
79.192
79.090
78.936
78.783
78.630
78.477
78.273
78.070
77.867
77.664
77.462
77.209
77.006
76.805
76.504
76.253
76.002
75.703
75.453
75.254
75.055
74.807
74.510
74.263
74.065
73.819
73.574
73.328
73.083
72.888
72.790
72.693
72.498
72.352
72.255
72.157
72.060
71.963
71.915
71.915
71.915
71.915
71.915
71.963
71.963
71.915
71.915
71.915
71.963
71.963
71.915
71.867
71.818
71.770
71.722
71.722
71.722
71.722
71.722
71.722
71.722
71.722
71.770
71.818
71.770
71.625
71.528
71.480
71.383
71.287
71.142
70.950
70.806
70.662
70.470
70.327
70.231
70.135
70.088
70.088
70.135
70.231
70.422
70.614
70.758
70.950
71.142
71.335
71.577
71.818
72.012
72.206
72.401
72.547
72.644
72.644
72.596
72.547
72.449
72.255
72.012
71.770
71.528
71.287
70.998
70.710
70.422
70.088
69.802
69.564
69.279
68.996
68.760
68.571
68.335
68.147
67.960
67.773
67.633
67.446
67.306
67.213
67.120
67.027
66.934
66.842
66.749
66.702
66.656
66.610
66.563
66.470
66.424
66.424
66.378
66.332
66.332
66.332
66.286
66.240
66.240
66.240
66.240
66.240
66.240
66.240
66.240
66.240
66.194
66.102
65.964
65.826
65.688
65.504
65.367
65.184
64.910
64.637
64.319
64.003
63.687
63.282
62.924
62.611
62.211
61.812
61.459
61.107
60.756
60.407
60.102
59.755
59.409
59.150
58.850
58.507
58.208
57.953
57.656
57.360
57.107
56.854
56.603
56.353
56.144
55.977
55.852
55.770
55.687
55.604
55.522
55.480
55.522
55.646
55.853
56.311
57.065
58.039
59.324
61.021
62.970
65.095
67.402
69.709
72.015
74.166
76.154
78.071
79.758
81.310
82.826
84.253
85.639
86.929
88.013
88.995
89.818
90.479
90.977
91.254
91.421
91.476
91.476
91.421
91.310
91.143
90.921
90.755
90.589
90.369
90.148
89.872
89.543
89.159
88.721
88.339
87.904
87.361
86.821
86.228
85.584
84.943
84.252
83.511
82.773
81.988
81.206
80.428
79.603
78.835
78.121
77.361
76.554
75.753
75.006
74.313
73.623
72.937
72.352
71.818
71.287
70.854
70.422
70.040
69.755
69.469
69.232
69.043
68.854
68.712
68.571
68.382
68.241
68.147
68.054
67.867
67.680
67.492
67.259
67.074
66.888
66.702
66.563
66.517
66.470
66.378
66.332
66.332
66.286
66.194
66.148
66.102
66.056
66.010
65.964
65.918
65.872
65.780
65.642
65.550
65.412
65.230
65.047
64.819
64.546
64.274
64.048
63.822
63.507
63.193
62.968
62.700
62.344
61.989
61.679
61.371
61.019
60.669
60.319
60.015
59.798
59.582
59.322
59.021
58.678
58.336
57.953
57.529
57.107
56.645
56.186
55.811
55.480
55.109
54.699
54.250
53.843
53.559
53.277
52.956
52.636
52.356
52.118
51.841
51.564
51.328
51.131
50.936
50.741
50.546
50.352
50.235
50.119
50.004
49.927
49.850
49.772
49.695
49.618
49.580
49.541
49.503
49.426
49.312
49.235
49.197
49.121
49.045
49.007
48.930
48.816
48.664
48.513
48.362
48.211
48.098
48.022
47.910
47.797
47.685
47.499
47.349
47.237
47.163
47.126
47.052
47.015
47.052
47.089
47.126
47.200
47.312
47.461
47.611
47.797
48.022
48.286
48.588
48.892
49.159
49.504
49.927
50.313
50.741
51.171
51.683
52.197
52.636
53.157
53.600
54.005
54.453
54.821
55.150
55.480
55.770
55.977
56.144
56.269
56.353
56.394
56.394
56.353
56.227
56.061
55.894
55.728
55.522
55.232
54.944
54.699
54.412
54.086
53.802
53.559
53.317
53.036
52.755
52.515
52.237
51.920
51.604
51.328
51.092
50.819
50.546
50.352
50.197
50.081
50.004
49.888
49.772
49.695
49.618
49.541
49.503
49.464
49.426
49.426
49.388
49.350
49.350
49.312
49.274
49.274
49.235
49.159
49.121
49.045
48.930
48.854
48.740
48.588
48.400
48.249
48.173
48.060
47.947
47.872
47.835
47.835
47.872
47.985
48.286
48.817
49.620
50.860
52.598
54.825
57.491
60.543
63.872
67.358
70.955
74.514
78.023
81.417
84.520
87.310
89.654
91.533
92.984
93.996
94.561
94.844
94.787
94.391
93.883
93.264
92.535
91.866
91.310
90.866
90.589
90.479
90.645
91.032
91.643
92.424
93.264
94.222
95.185
96.038
96.839
97.528
98.047
98.336
98.394
98.336
98.105
97.701
97.183
96.553
95.810
95.071
94.278
93.321
92.312
91.365
90.424
89.434
88.504
87.633
86.821
85.960
85.103
84.411
83.775
83.194
82.721
82.301
81.935
81.622
81.309
80.997
80.738
80.583
80.428
80.324
80.272
80.117
79.963
79.912
79.860
79.809
79.757
79.603
79.449
79.295
79.039
78.783
78.477
78.121
77.765
77.360
76.906
76.353
75.852
75.354
74.757
74.164
73.574
72.889
72.207
71.625
71.047
70.470
69.897
69.327
68.760
68.242
67.726
67.213
66.795
66.425
66.056
65.688
65.412
65.184
64.956
64.728
64.455
64.274
64.138
64.003
63.822
63.596
63.417
63.237
63.058
62.879
62.744
62.611
62.433
62.344
62.344
62.478
62.790
63.327
64.138
65.184
66.565
68.196
69.947
71.675
73.281
74.609
75.553
76.203
76.604
76.755
76.755
76.805
76.856
77.057
77.715
78.784
80.326
82.355
84.679
87.147
89.655
92.090
94.336
96.325
98.048
99.496
100.605
101.485
102.192
102.724
103.139
103.375
103.554
103.673
103.792
103.912
103.912
103.971
104.031
104.150
104.329
104.448
104.627
104.867
105.166
105.526
105.947
106.429
106.912
107.397
108.004
108.552
108.980
109.469
109.960
110.451
110.882
111.315
111.809
112.305
112.741
113.239
113.801
114.301
114.678
114.992
115.306
115.495
115.558
115.558
115.495
115.244
114.866
114.427
113.801
113.052
112.182
111.253
110.267
109.102
107.944
106.853
105.648
104.389
103.199
102.016
100.898
99.730
98.510
97.357
96.267
95.185
94.109
93.040
92.033
91.088
90.148
89.214
88.285
87.416
86.605
85.745
84.837
83.987
83.142
82.354
81.622
80.998
80.428
79.860
79.346
78.936
78.681
78.477
78.273
78.120
77.968
77.867
77.765
77.614
77.512
77.411
77.310
77.209
77.158
77.158
77.209
77.310
77.411
77.563
77.765
78.070
78.579
79.296
80.325
81.675
83.248
85.051
86.984
88.942
90.756
92.481
94.166
95.583
96.782
97.875
98.858
99.729
100.546
101.309
102.015
102.902
103.971
105.227
106.611
108.005
109.470
111.007
112.679
114.365
115.875
117.331
118.861
120.337
121.758
123.187
124.560
125.940
127.328
128.658
129.995
131.338
132.825
134.319
135.754
137.128
138.301
139.340
140.035
140.453
140.662
140.453
140.035
139.479
138.716
137.817
136.715
135.480
134.387
133.298
132.079
130.867
129.659
128.391
127.196
125.940
124.560
123.252
121.887
120.466
119.053
117.712
116.316
114.867
113.427
111.934
110.514
109.103
107.762
106.490
105.166
103.793
102.488
101.309
100.138
98.916
97.644
96.382
95.185
93.940
92.648
91.477
90.369
89.214
88.176
87.308
86.390
85.478
84.677
83.986
83.457
82.983
82.563
82.300
82.091
81.987
81.987
81.987
82.039
82.143
82.353
82.616
82.931
83.299
83.616
83.986
84.358
84.730
85.103
85.423
85.745
86.013
86.174
86.335
86.497
86.497
86.497
86.497
86.389
86.335
86.282
86.174
86.067
85.960
85.799
85.638
85.477
85.316
85.263
85.210
85.050
84.943
84.890
84.730
84.570
84.464
84.251
84.039
83.828
83.616
83.510
83.405
83.352
83.352
83.405
83.510
83.775
84.252
84.890
85.799
87.037
88.613
90.536
92.930
95.698
98.686
101.782
105.049
108.494
111.999
115.498
119.055
122.798
126.668
130.465
134.048
137.612
141.013
144.103
146.942
149.376
151.469
153.430
155.185
156.802
158.427
160.209
162.225
164.331
166.753
169.422
172.189
175.134
178.024
180.700
183.078
185.310
187.396
189.088
190.463
191.517
192.331
193.146
193.636
193.962
194.371
194.699
194.945
195.109
195.355
195.601
195.682
195.765
195.929
196.094
196.258
196.341
196.423
196.423
196.094
195.355
194.209
192.902
191.517
189.977
188.200
186.352
184.671
182.998
181.333
179.832
178.572
177.318
176.145
175.133
174.122
173.038
171.726
170.418
168.963
167.285
165.464
163.502
161.477
159.317
157.022
154.673
152.339
149.953
147.656
145.376
143.045
140.873
138.786
136.784
134.865
133.027
131.271
129.526
127.859
126.270
124.691
123.187
121.693
120.144
118.669
117.331
116.190
115.118
114.114
113.301
112.678
112.305
112.181
112.305
112.678
113.301
114.051
114.866
115.875
117.141
118.733
120.788
123.318
126.204
129.260
132.352
135.344
138.094
140.454
142.343
143.749
144.667
145.305
145.660
145.873
146.015
146.015
146.157
146.655
147.655
149.232
151.470
154.234
157.541
161.255
165.087
168.811
172.267
175.601
178.574
181.095
183.237
185.070
186.752
188.280
189.572
190.625
191.517
192.331
193.064
193.636
194.126
194.535
194.781
195.027
195.191
195.437
195.847
196.341
197.329
198.899
201.056
203.893
207.172
210.900
214.746
218.105
221.140
223.845
226.038
227.623
228.682
229.213
229.301
229.124
228.682
227.887
226.829
225.862
224.896
223.932
222.883
221.662
220.357
218.796
216.982
214.916
212.434
209.540
206.413
202.974
199.314
195.439
191.357
187.396
183.318
179.203
175.213
171.188
167.286
163.579
159.987
156.434
152.995
149.665
146.372
143.257
140.246
137.267
134.456
131.811
129.259
126.667
124.102
121.694
119.374
117.140
115.056
112.991
111.006
109.164
107.337
105.527
103.912
102.429
101.016
99.730
98.395
97.069
95.924
94.787
93.601
92.480
91.365
90.314
89.324
88.394
87.579
86.821
86.013
85.317
84.837
84.411
84.092
83.934
83.881
83.986
84.198
84.464
84.783
85.103
85.423
85.745
86.121
86.551
86.929
87.307
87.632
87.850
88.122
88.448
88.666
88.830
88.995
89.159
89.433
89.818
90.258
90.756
91.365
92.089
92.928
93.940
95.242
97.013
99.207
101.840
105.109
108.861
112.993
117.398
122.020
126.802
131.544
136.237
140.945
145.521
149.882
153.943
157.467
160.358
162.526
164.105
165.085
165.690
166.145
166.297
166.297
166.372
166.676
167.208
167.893
168.963
170.418
172.189
174.200
176.302
178.416
180.384
182.363
184.113
185.550
186.993
188.280
189.330
190.219
190.949
191.517
192.005
192.330
192.656
192.983
193.146
193.228
193.146
192.820
192.493
192.168
191.436
190.463
189.330
187.959
186.432
184.671
182.839
180.858
178.651
176.380
174.046
171.726
169.575
167.513
165.464
163.352
161.253
159.317
157.465
155.625
153.723
151.759
149.808
148.085
146.300
144.526
142.834
141.082
139.480
137.887
136.303
134.728
133.095
131.473
129.794
128.059
126.204
124.363
122.601
120.724
118.797
117.077
115.496
113.802
112.182
110.760
109.470
108.431
107.518
106.731
106.068
105.526
105.226
104.987
104.927
105.047
105.406
106.128
107.156
108.675
110.760
113.428
116.699
120.597
125.088
129.931
135.074
140.528
146.091
151.400
156.288
160.658
164.256
166.981
168.963
170.495
171.648
172.188
172.419
172.574
172.574
172.651
172.806
173.115
173.657
174.511
175.678
176.848
178.181
179.674
181.175
182.760
184.192
185.550
186.993
188.361
189.491
190.463
191.355
192.250
192.983
193.472
193.880
194.208
194.535
194.781
195.027
195.273
195.355
195.601
195.683
195.765
196.094
196.176
196.176
196.341
196.670
197.329
198.485
200.141
202.305
204.900
207.932
210.985
213.887
216.723
219.230
221.314
222.883
223.845
224.369
224.369
224.194
223.845
223.058
222.010
220.705
219.316
217.759
216.034
214.145
211.666
208.778
205.823
202.473
198.651
194.783
190.789
186.594
182.364
178.104
173.969
170.036
166.223
162.452
158.947
155.773
152.849
150.169
147.727
145.518
143.468
141.641
140.035
138.716
137.472
136.165
134.933
133.706
132.553
131.473
130.263
128.925
127.594
126.204
124.691
123.122
121.499
119.758
117.968
116.253
114.616
112.928
111.192
109.531
107.884
106.249
104.629
103.080
101.721
100.429
99.148
97.932
96.782
95.810
95.014
94.278
93.714
93.320
93.151
93.151
93.320
93.658
94.052
94.561
95.127
95.696
96.324
96.954
97.528
98.105
98.567
98.915
99.205
99.438
99.612
99.728
99.787
99.728
99.612
99.438
99.147
98.799
98.451
98.047
97.586
97.183
96.839
96.609
96.438
96.266
96.152
96.095
96.209
96.495
97.011
97.932
99.206
100.722
102.548
104.868
107.642
110.700
113.991
117.268
120.597
123.906
127.065
130.062
132.757
135.343
137.818
140.106
142.343
144.668
147.228
150.025
153.068
156.361
159.689
162.902
165.843
168.504
170.802
172.729
174.511
176.146
177.631
179.044
180.462
181.966
183.395
184.751
186.191
187.476
188.522
189.653
190.706
191.517
192.168
192.575
192.983
193.391
193.636
193.880
194.126
194.371
194.535
194.617
194.699
194.781
195.027
195.109
195.191
195.191
195.191
195.273
195.191
195.109
194.781
194.126
193.228
192.087
190.625
188.846
186.753
184.591
182.442
180.384
178.259
176.068
174.045
172.189
170.572
169.115
167.893
166.980
166.297
165.766
165.463
165.236
165.009
164.783
164.481
164.179
164.028
163.953
164.104
164.707
165.387
166.145
167.132
168.122
169.192
170.264
171.109
171.802
172.497
172.883
172.728
172.342
171.725
170.802
169.574
168.122
166.525
164.934
163.426
161.776
160.134
158.649
157.317
156.212
155.258
154.598
154.233
154.013
154.013
154.159
154.525
154.964
155.330
155.771
156.138
156.580
157.169
157.834
158.722
159.762
160.880
162.226
163.652
165.009
166.297
167.513
168.503
169.191
169.804
170.341
170.725
171.032
171.340
171.725
172.265
173.038
173.967
174.977
176.068
177.239
178.573
179.753
180.858
182.045
183.077
184.032
185.150
186.271
187.234
188.361
189.410
190.300
191.111
191.843
192.493
193.064
193.636
193.962
194.208
194.535
194.781
194.863
194.781
194.535
194.208
193.717
193.064
192.493
192.005
191.599
191.436
191.274
191.111
190.949
190.462
189.653
188.361
186.672
184.751
182.601
180.227
177.632
174.900
172.112
169.269
166.374
163.503
160.657
157.909
155.185
152.485
149.881
147.441
145.093
142.834
140.733
138.647
136.715
134.865
133.027
131.406
129.794
128.191
126.732
125.347
124.101
122.926
121.757
120.659
119.630
118.605
117.648
116.823
116.063
115.244
114.427
113.676
112.927
112.120
111.315
110.575
109.715
108.796
107.944
107.095
106.248
105.346
104.389
103.495
102.606
101.661
100.722
99.730
98.626
97.472
96.439
95.469
94.504
93.601
92.759
92.033
91.310
90.645
90.148
89.708
89.378
89.159
88.995
88.940
88.940
89.050
89.214
89.323
89.488
89.762
90.038
90.258
90.479
90.700
90.921
91.143
91.310
91.476
91.754
92.032
92.312
92.703
93.151
93.658
94.221
94.844
95.639
96.553
97.645
98.974
100.547
102.489
104.988
107.885
111.008
114.367
117.842
121.436
125.152
128.859
132.556
136.442
140.526
144.741
149.091
153.579
158.059
162.228
165.995
169.499
172.653
175.445
177.945
180.069
181.807
183.077
183.873
184.431
184.670
184.590
184.271
183.793
183.316
182.997
182.759
182.521
182.362
182.283
182.283
182.045
181.569
180.936
179.911
178.651
177.318
175.678
173.890
172.189
170.495
168.810
167.285
165.918
164.783
164.028
163.577
163.502
163.802
164.557
165.843
167.589
169.575
171.649
173.813
175.834
177.475
178.651
179.358
179.594
179.280
178.572
177.631
176.302
174.744
173.039
171.110
169.268
167.437
165.464
163.577
161.627
159.540
157.539
155.625
153.795
151.832
149.736
147.870
146.016
143.961
141.922
139.827
137.680
135.617
133.571
131.540
129.393
127.064
124.822
122.667
120.466
118.286
116.317
114.428
112.369
110.329
108.492
106.732
104.987
103.318
101.839
100.547
99.205
97.932
96.782
95.753
94.844
93.996
93.320
92.759
92.312
91.977
91.754
91.698
91.754
91.977
92.312
92.703
93.264
93.939
94.674
95.412
96.153
96.839
97.471
98.105
98.683
99.205
99.670
100.078
100.429
100.839
101.308
101.897
102.665
103.674
104.987
106.732
108.981
111.750
115.057
118.992
123.779
129.196
135.076
141.226
147.303
153.217
158.652
163.353
167.286
170.419
172.806
174.511
175.755
176.614
177.083
177.396
177.553
177.631
177.944
178.258
178.415
178.337
178.258
178.258
178.022
177.709
177.631
177.787
178.022
178.572
179.517
180.541
181.649
182.919
184.352
185.710
186.913
188.039
189.007
189.815
190.381
190.705
190.705
190.381
189.734
188.926
187.878
186.592
185.070
183.396
181.649
179.832
178.024
176.146
174.278
172.497
170.725
168.886
167.057
165.313
163.577
161.627
159.465
157.244
154.965
152.630
150.241
147.727
145.376
143.046
140.663
138.439
136.235
134.115
132.080
130.128
128.325
126.534
124.822
123.252
121.758
120.337
118.925
117.585
116.379
115.370
114.365
113.240
112.244
111.438
110.636
109.715
108.857
108.126
107.337
106.610
105.828
104.987
104.210
103.377
102.547
101.779
101.015
100.138
99.205
98.220
97.184
96.153
95.128
94.166
93.209
92.256
91.310
90.314
89.379
88.504
87.687
86.875
86.067
85.317
84.624
83.986
83.352
82.826
82.405
81.987
81.726
81.622
81.517
81.517
81.674
81.882
82.144
82.510
82.878
83.247
83.669
84.092
84.570
85.050
85.584
86.174
86.713
87.199
87.687
88.176
88.667
89.159
89.653
90.203
90.811
91.588
92.480
93.489
94.731
96.096
97.529
99.090
100.664
102.252
103.912
105.587
107.216
108.797
110.452
112.058
113.677
115.370
117.014
118.605
120.337
122.212
123.970
125.676
127.395
129.125
130.799
132.283
133.570
134.796
135.822
136.577
137.127
137.472
137.679
137.748
137.679
137.541
137.265
136.852
136.371
135.822
135.206
134.591
133.910
133.027
132.079
131.068
129.861
128.391
126.798
125.215
123.644
121.888
119.951
118.159
116.507
114.866
113.302
111.872
110.575
109.347
108.127
107.095
106.248
105.466
104.807
104.210
103.673
103.257
102.902
102.487
102.132
101.956
101.838
101.720
101.485
101.249
101.015
100.663
100.254
99.903
99.554
99.031
98.451
97.816
97.241
96.724
96.038
95.298
94.561
93.883
93.264
92.647
92.200
91.865
91.476
91.199
91.032
90.977
91.088
91.365
91.810
92.312
92.984
93.827
94.787
95.810
96.725
97.471
98.105
98.625
98.973
99.089
99.031
98.741
98.278
97.759
97.241
96.839
96.609
96.782
97.587
99.149
101.310
104.033
107.279
110.762
114.242
117.459
120.403
122.927
124.953
126.798
128.391
129.592
130.530
131.405
132.282
133.095
133.978
135.070
136.096
137.197
138.578
140.245
141.992
143.750
145.803
148.085
150.529
152.994
155.552
158.057
160.433
162.751
165.010
167.133
169.039
170.725
172.266
173.735
174.821
175.522
176.145
176.613
176.848
176.848
176.692
176.457
176.223
175.911
175.522
175.210
175.054
174.899
174.743
174.743
174.666
174.510
174.278
173.967
173.657
173.115
172.419
171.571
170.418
169.192
167.970
166.676
165.161
163.502
161.926
160.283
158.501
156.728
154.965
153.212
151.468
149.664
147.799
145.944
144.032
141.922
139.757
137.749
135.685
133.571
131.540
129.393
127.262
125.216
123.187
121.111
119.053
117.204
115.433
113.676
111.934
110.145
108.492
106.974
105.347
103.793
102.370
101.016
99.730
98.452
97.069
95.640
94.279
92.928
91.644
90.535
89.434
88.286
87.200
86.068
84.997
84.040
83.089
82.145
81.258
80.479
79.809
79.142
78.579
78.121
77.715
77.411
77.158
76.956
76.805
76.655
76.504
76.403
76.303
76.152
76.002
75.852
75.753
75.703
75.603
75.553
75.553
75.503
75.403
75.304
75.254
75.204
75.104
75.054
75.054
75.054
75.054
75.054
75.104
75.204
75.304
75.453
75.603
75.703
75.902
76.202
76.454
76.655
76.906
77.259
77.614
77.917
78.273
78.681
79.090
79.449
79.757
80.014
80.272
80.583
80.842
80.997
81.101
81.205
81.257
81.205
81.101
80.997
80.842
80.687
80.479
80.272
80.015
79.603
79.244
78.834
78.375
77.918
77.360
76.755
76.203
75.653
75.105
74.659
74.164
73.672
73.182
72.644
72.158
71.673
71.191
70.758
70.375
69.992
69.660
69.327
69.043
68.807
68.571
68.429
68.335
68.288
68.288
68.241
68.194
68.241
68.335
68.382
68.429
68.477
68.524
68.618
68.665
68.665
68.665
68.665
68.665
68.618
68.571
68.618
68.571
68.382
68.241
68.241
68.288
68.288
68.241
68.194
68.194
68.147
68.101
68.147
68.147
68.054
67.960
67.914
67.914
67.914
67.914
67.867
67.914
67.960
67.867
67.820
67.773
67.773
67.867
67.914
67.914
67.914
68.007
68.147
68.241
68.335
68.429
68.524
68.571
68.571
68.712
68.854
68.854
68.901
69.043
69.137
69.043
69.043
69.137
69.137
68.996
68.854
68.854
68.854
68.807
68.712
68.665
68.665
68.712
68.854
69.090
69.374
69.660
70.040
70.518
70.950
71.335
71.770
72.255
72.644
73.035
73.426
73.721
74.115
74.609
75.155
75.903
76.806
77.868
79.245
80.895
82.722
84.625
86.606
88.558
90.370
92.090
93.771
95.356
96.897
98.568
100.313
102.134
104.211
106.431
108.615
110.760
112.866
114.804
116.506
118.159
119.758
121.240
122.536
123.774
125.019
126.072
127.063
127.991
128.791
129.525
129.993
130.262
130.530
130.665
130.530
130.262
129.859
129.258
128.590
127.660
126.468
125.216
123.839
122.276
120.466
118.541
116.570
114.616
112.618
110.575
108.553
106.551
104.688
102.962
101.368
99.846
98.337
96.954
95.697
94.448
93.265
92.089
90.867
89.599
88.395
87.308
86.175
85.051
83.934
82.879
81.935
80.998
80.119
79.347
78.630
77.969
77.360
76.856
76.403
75.952
75.603
75.304
75.005
74.757
74.461
74.115
73.819
73.525
73.181
72.839
72.498
72.061
71.625
71.191
70.758
70.279
69.707
69.091
68.524
67.960
67.353
66.795
66.240
65.688
65.138
64.637
64.274
63.957
63.642
63.372
63.193
63.103
63.058
63.058
63.058
63.058
63.013
63.013
63.058
63.058
63.058
62.968
62.879
62.834
62.744
62.656
62.611
62.611
62.790
63.148
63.733
64.684
65.965
67.682
69.757
72.063
74.562
77.212
79.863
82.407
84.892
87.255
89.490
91.756
94.053
96.211
98.453
100.782
102.962
105.348
107.945
110.514
113.240
116.255
119.568
123.255
127.398
132.084
137.339
143.121
149.021
154.896
160.660
165.921
170.728
174.901
178.417
181.333
183.794
186.111
188.039
189.573
190.706
191.436
192.086
192.575
192.901
193.146
193.309
193.309
193.309
193.472
193.554
193.636
193.717
193.880
194.126
194.126
193.962
193.717
193.309
192.657
191.599
190.220
188.523
186.431
184.193
181.729
178.888
175.835
172.576
169.040
165.540
162.077
158.502
154.966
151.543
148.301
145.235
142.343
139.688
137.129
134.661
132.486
130.464
128.525
126.798
125.150
123.644
122.341
120.982
119.566
118.095
116.697
115.433
114.114
112.741
111.377
110.082
108.980
108.065
107.216
106.309
105.466
104.688
103.971
103.495
103.139
103.020
103.317
103.971
105.047
106.672
108.859
111.750
115.562
120.471
126.342
132.696
139.208
145.523
151.183
155.920
159.838
162.901
165.009
166.372
167.284
167.817
168.122
168.198
168.122
168.351
168.962
169.727
170.725
172.266
174.123
176.068
178.181
180.305
182.363
184.432
186.352
187.959
189.330
190.544
191.599
192.412
192.983
193.554
194.044
194.290
194.535
194.699
194.781
194.945
195.191
195.355
195.683
196.587
197.906
199.727
202.305
205.572
209.201
213.033
216.897
220.445
223.671
226.566
229.125
231.164
232.766
234.015
234.909
235.536
235.715
235.626
235.356
234.909
234.283
233.479
232.409
231.164
229.656
227.976
226.214
223.933
221.140
217.932
214.488
210.645
206.414
202.056
197.496
192.822
188.122
183.477
179.046
174.746
170.574
166.678
162.977
159.540
156.361
153.359
150.458
147.870
145.519
143.257
141.222
139.271
137.334
135.549
133.843
132.080
130.396
128.791
127.196
125.611
123.970
122.341
120.788
119.245
117.776
116.380
114.992
113.614
112.244
110.883
109.592
108.309
107.155
106.129
105.047
104.031
103.139
102.310
101.603
100.956
100.196
99.438
98.799
98.220
97.644
97.069
96.609
96.152
95.696
95.354
95.127
95.014
94.844
94.731
94.731
94.731
94.674
94.617
94.674
94.731
94.731
94.731
94.674
94.617
94.561
94.447
94.391
94.334
94.334
94.447
94.561
94.731
95.070
95.525
96.153
97.011
98.105
99.438
100.898
102.488
104.151
105.888
107.641
109.470
111.563
113.865
116.318
119.119
122.213
125.547
129.059
132.623
136.373
140.246
144.033
147.729
151.325
154.673
157.910
160.880
163.503
165.918
168.199
170.419
172.420
174.200
175.912
177.553
179.044
180.383
181.649
182.919
184.192
185.390
186.592
187.797
188.764
189.572
190.381
191.111
191.680
192.086
192.493
192.820
193.146
193.391
193.554
193.799
193.880
193.962
194.208
194.290
194.371
194.617
194.699
194.699
194.781
194.945
195.273
195.930
196.505
196.999
197.906
199.147
200.390
201.805
203.391
204.983
206.496
207.846
209.116
210.304
211.239
211.665
211.921
212.006
211.665
210.984
210.049
208.693
206.918
204.983
202.972
200.723
198.237
195.684
193.147
190.707
188.201
185.791
183.476
181.254
179.360
177.553
175.834
174.355
172.961
171.726
170.572
169.651
168.886
168.122
167.360
166.600
165.917
165.085
164.104
163.051
161.851
160.357
158.797
157.170
155.478
153.868
152.339
150.890
149.520
148.586
148.155
148.083
148.442
149.448
151.325
153.942
157.097
160.658
164.407
168.277
172.189
175.991
179.439
182.284
184.512
186.432
187.878
188.522
188.764
188.683
188.200
187.395
186.351
185.150
184.032
182.998
182.045
181.174
180.620
180.462
180.620
181.174
181.886
182.839
183.873
184.990
186.271
187.476
188.522
189.491
190.544
191.355
192.005
192.575
192.983
193.472
193.880
194.208
194.453
194.617
194.945
195.601
196.587
198.237
200.806
204.229
208.355
213.033
218.020
222.710
227.096
231.076
234.373
237.063
239.225
240.942
242.212
243.211
243.848
244.121
244.212
244.030
243.484
242.756
241.849
240.851
239.766
238.683
237.782
236.972
236.074
234.999
234.104
233.390
232.587
231.697
230.631
229.655
228.594
227.270
226.126
224.809
223.233
221.488
219.316
216.809
213.888
210.560
206.919
202.807
198.486
193.802
188.928
184.115
179.204
174.281
169.500
165.012
160.658
156.435
152.341
148.516
144.882
141.293
137.887
134.730
131.811
128.992
126.336
123.840
121.370
118.990
116.824
114.804
112.804
110.945
109.225
107.580
106.008
104.569
103.258
102.075
101.074
100.196
99.322
98.510
97.816
97.183
96.667
96.209
95.810
95.582
95.411
95.240
95.240
95.297
95.354
95.468
95.582
95.696
95.810
95.924
95.981
95.981
96.038
96.095
96.095
96.095
96.095
96.038
95.924
95.867
95.867
95.867
95.867
95.924
96.038
96.152
96.381
96.724
97.126
97.701
98.510
99.671
101.192
103.140
105.709
108.860
112.495
116.636
121.309
126.406
131.815
137.477
143.332
149.165
154.896
160.361
165.315
169.806
173.891
177.398
180.306
182.681
184.592
186.191
187.556
188.603
189.410
189.977
190.544
191.030
191.355
191.599
191.680
191.761
191.843
192.005
192.086
192.168
192.168
192.249
192.330
192.330
192.412
192.493
192.575
192.656
192.656
192.656
192.738
192.820
193.064
193.472
194.208
195.438
197.165
199.396
201.888
204.648
207.594
210.389
212.946
215.174
217.068
218.536
219.576
220.270
220.357
219.923
219.142
217.759
215.776
213.374
210.475
207.003
203.058
198.900
194.620
190.060
185.392
180.781
176.148
171.728
167.515
163.353
159.318
155.406
151.905
148.659
145.449
142.553
139.897
137.473
135.275
133.163
131.271
129.526
127.859
126.270
124.822
123.513
122.276
121.111
120.015
119.052
118.158
117.457
117.013
116.822
116.822
117.013
117.585
118.541
119.951
121.563
123.187
124.953
126.798
128.591
130.196
131.540
132.621
133.502
134.114
134.455
134.728
134.932
135.274
136.028
137.128
138.855
141.432
144.740
148.588
152.850
157.246
161.554
165.693
169.346
172.576
175.367
177.710
179.832
181.649
183.157
184.511
185.630
186.592
187.475
188.200
188.845
189.410
189.896
190.381
190.786
191.111
191.274
191.436
191.680
191.761
191.843
192.005
192.086
192.168
192.249
192.249
192.249
192.330
192.330
192.330
192.575
192.901
193.554
194.699
196.341
198.733
201.639
204.732
208.017
211.326
214.230
216.464
218.190
219.402
220.096
220.530
220.530
220.096
219.575
218.969
218.190
217.585
216.895
216.119
215.517
214.830
214.229
213.715
213.202
212.689
212.177
211.495
210.644
209.455
207.847
205.907
203.726
201.222
198.403
195.602
192.658
189.493
186.272
183.078
179.990
176.928
173.891
170.880
167.895
165.086
162.376
159.614
156.802
154.160
151.542
148.946
146.514
143.891
141.292
138.856
136.372
133.911
131.473
129.058
126.601
124.102
121.694
119.374
117.077
114.867
112.680
110.575
108.614
106.732
104.867
103.080
101.485
99.963
98.568
97.242
96.039
94.958
93.940
93.040
92.312
91.754
91.254
90.866
90.534
90.369
90.479
90.645
90.866
91.254
91.754
92.312
92.871
93.489
94.222
95.014
95.867
96.667
97.529
98.568
99.671
100.722
101.661
102.724
103.912
105.107
106.249
107.398
108.675
110.021
111.686
113.990
117.015
120.856
125.483
130.602
136.102
141.997
147.874
153.507
158.875
163.881
168.353
172.344
175.757
178.416
180.462
181.966
182.838
183.156
183.156
182.838
182.362
182.045
181.966
182.124
182.441
182.998
183.793
184.591
185.390
186.191
186.913
187.556
188.200
188.764
189.167
189.491
189.896
190.381
190.786
191.111
191.436
191.761
192.086
192.412
192.901
193.800
195.192
197.165
199.727
202.807
206.329
209.965
213.546
216.810
219.577
221.923
224.020
225.598
226.653
227.446
227.711
227.887
228.063
227.887
227.622
227.446
227.182
226.829
226.477
225.949
225.159
224.457
223.670
222.621
221.574
220.444
219.229
217.845
216.120
214.230
212.007
209.540
206.919
203.977
200.724
197.165
193.637
190.140
186.513
182.999
179.596
176.225
172.885
169.652
166.753
164.180
161.777
159.540
157.687
156.139
154.818
153.649
152.557
151.541
150.601
149.664
148.657
147.655
146.585
145.306
143.891
142.553
141.082
139.480
137.887
136.371
134.933
133.570
132.418
131.539
131.001
130.732
130.665
130.799
131.202
131.877
132.960
134.456
136.165
138.025
140.176
142.624
145.377
148.444
151.688
155.260
159.021
162.827
166.678
170.419
173.969
177.319
180.227
182.760
184.991
186.913
188.603
190.058
191.111
191.924
192.656
193.228
193.799
194.208
194.453
194.699
194.863
194.945
195.027
195.109
195.273
195.355
195.355
195.437
195.765
196.258
197.164
198.816
201.139
204.229
207.932
212.008
216.293
220.533
224.547
228.065
230.987
233.748
236.164
237.962
239.495
240.670
241.486
242.030
242.393
242.574
242.393
241.939
241.214
240.308
239.314
238.142
236.972
235.895
234.909
234.104
233.211
232.231
231.253
230.187
229.213
228.152
226.917
225.598
224.108
222.621
220.879
218.883
216.723
214.145
211.240
208.101
204.900
201.722
198.568
195.274
192.007
189.007
186.191
183.635
181.175
178.887
176.849
174.900
173.271
171.880
170.572
169.344
168.351
167.437
166.524
165.766
165.009
164.330
163.727
163.050
162.375
161.701
160.805
159.836
158.796
157.612
156.139
154.525
152.920
151.107
149.161
147.298
145.447
143.468
141.501
139.619
137.956
136.371
134.933
133.571
132.350
131.338
130.396
129.592
128.923
128.390
127.858
127.394
127.062
126.798
126.666
126.533
126.401
126.401
126.467
126.533
126.599
126.798
126.996
127.062
127.261
127.659
127.991
128.324
128.790
129.324
129.927
130.597
131.338
132.418
133.911
135.823
138.302
141.503
145.379
149.811
154.675
159.617
164.258
168.506
172.421
175.991
179.045
181.570
183.475
184.671
185.550
186.190
186.511
186.672
186.832
186.913
186.913
187.073
187.394
187.636
187.958
188.442
188.925
189.491
190.058
190.462
190.949
191.517
191.843
192.168
192.575
192.820
193.064
193.309
193.472
193.636
193.799
193.962
194.044
194.044
194.126
194.208
194.290
194.617
195.191
196.176
197.907
200.058
202.389
205.067
208.016
211.070
213.802
216.034
218.018
219.576
220.704
221.574
222.097
222.446
222.708
222.882
222.970
222.970
222.882
222.882
222.970
222.795
222.620
222.620
222.708
222.708
222.533
222.359
222.097
221.836
221.749
221.574
221.139
220.617
220.009
219.315
218.450
217.326
216.206
215.174
214.059
212.945
211.921
210.984
210.134
209.454
208.692
207.677
206.665
205.571
204.228
202.555
200.806
198.816
196.588
194.372
192.088
189.815
187.557
185.471
183.634
182.203
181.253
180.778
180.857
181.411
182.362
183.475
184.671
185.951
187.073
187.958
188.603
189.006
189.087
188.845
188.280
187.395
186.351
185.230
184.112
182.839
181.491
180.305
179.123
178.023
177.083
176.223
175.522
175.054
174.821
174.821
175.054
175.444
176.145
177.161
178.416
179.674
181.016
182.601
184.033
185.310
186.511
187.637
188.603
189.410
190.138
190.787
191.274
191.680
192.005
192.249
192.412
192.656
192.820
192.901
193.146
193.228
193.391
193.881
194.781
196.177
198.320
201.306
204.900
209.203
213.889
218.538
222.884
226.919
230.632
233.748
236.254
238.413
240.309
241.576
242.666
243.666
244.121
244.304
244.395
244.395
244.304
243.939
243.393
242.847
242.302
241.758
241.214
240.489
239.676
238.863
237.962
236.883
235.805
234.730
233.568
232.587
231.697
230.720
229.744
228.771
227.887
227.094
226.126
225.071
223.932
222.883
221.749
220.357
219.142
217.931
216.722
215.518
214.401
213.373
212.348
211.495
210.813
210.303
209.794
209.369
209.030
208.945
208.861
208.692
208.692
208.692
208.692
208.607
208.438
208.269
208.100
207.677
207.086
206.580
205.991
205.150
204.227
203.390
202.388
201.221
199.809
198.154
196.341
194.372
192.332
189.978
187.476
184.911
182.284
179.596
176.771
173.891
170.880
167.895
164.860
161.628
158.501
155.332
151.977
149.018
146.301
143.468
140.803
138.232
135.891
133.707
131.607
129.861
128.258
126.798
125.610
124.625
123.773
123.121
122.731
122.536
122.536
122.731
123.056
123.708
124.691
125.874
127.196
128.591
130.062
131.405
132.689
134.047
135.275
136.302
137.334
138.301
139.062
139.826
140.523
141.081
141.641
142.201
142.693
143.115
143.537
143.960
144.384
144.809
145.234
145.731
146.299
146.869
147.583
148.586
149.736
151.107
152.703
154.599
156.876
159.540
162.376
165.389
168.581
171.727
174.666
177.319
179.753
181.887
183.714
185.310
186.752
187.878
188.764
189.410
189.896
190.300
190.624
190.867
191.274
191.761
192.413
193.472
194.699
196.012
197.329
198.402
198.897
198.980
198.484
197.082
195.028
192.332
189.169
185.791
181.968
177.868
173.814
169.729
165.693
161.703
157.688
153.943
150.530
147.228
143.962
140.873
138.094
135.549
133.096
130.800
128.658
126.534
124.494
122.536
120.595
118.733
117.014
115.370
113.739
112.182
110.637
109.164
107.762
106.369
105.107
103.852
102.606
101.485
100.429
99.322
98.220
97.299
96.439
95.582
94.844
94.221
93.714
93.320
92.983
92.759
92.591
92.480
92.535
92.591
92.703
92.871
93.039
93.264
93.545
93.883
94.334
94.957
95.753
96.725
98.048
99.788
101.899
104.630
107.946
111.751
115.941
120.340
124.957
129.528
133.845
137.958
141.783
145.235
148.516
151.615
154.527
157.318
159.986
162.526
164.859
167.285
169.651
171.803
173.968
175.990
177.945
179.911
181.728
183.316
184.671
185.951
187.073
188.039
188.764
189.248
189.734
190.219
190.624
191.030
191.436
191.761
192.249
193.064
194.209
195.602
197.412
199.561
201.638
203.726
205.739
207.678
209.370
210.814
212.263
213.288
214.144
214.916
215.517
216.033
216.291
216.464
216.550
216.550
216.464
216.119
215.689
215.088
214.315
213.459
212.348
210.984
209.540
208.100
206.665
205.235
203.809
202.555
201.305
200.141
199.064
197.906
196.752
195.356
193.718
192.087
190.301
188.200
186.111
184.113
182.045
179.989
178.024
176.146
174.278
172.497
170.802
169.344
168.046
166.828
165.917
165.236
164.707
164.405
164.254
164.254
164.405
164.707
165.085
165.387
165.842
166.448
166.904
167.131
167.283
167.283
166.980
166.448
165.539
164.255
162.751
160.806
158.501
156.140
153.723
151.180
148.587
146.016
143.398
140.733
138.232
135.892
133.503
131.136
128.924
126.799
124.691
122.602
120.531
118.541
116.634
114.866
113.177
111.501
109.960
108.553
107.337
106.369
105.527
104.807
104.269
103.912
103.733
103.792
104.150
104.687
105.346
106.249
107.337
108.553
109.960
111.438
112.990
114.616
116.190
117.776
119.566
121.305
122.861
124.363
125.742
126.997
128.191
129.258
130.128
130.799
131.270
131.742
132.215
132.485
132.620
132.687
132.620
132.552
132.417
132.147
131.877
131.674
131.404
131.068
130.799
130.530
130.262
129.926
129.525
129.124
128.790
128.457
128.058
127.726
127.394
127.062
126.798
126.533
126.269
126.005
125.741
125.478
125.281
125.084
124.821
124.624
124.362
123.970
123.577
123.056
122.405
121.563
120.594
119.630
118.478
117.204
115.938
114.616
113.240
111.810
110.391
109.041
107.762
106.611
105.467
104.270
103.199
102.193
101.309
100.546
99.729
98.915
98.105
97.356
96.782
96.267
95.810
95.525
95.354
95.354
95.582
95.924
96.381
97.011
97.759
98.510
99.205
99.845
100.371
100.780
101.014
101.132
101.132
100.956
100.722
100.429
99.962
99.380
98.915
98.451
97.932
97.528
97.126
96.724
96.381
96.095
95.867
95.696
95.639
95.696
95.810
96.095
96.495
96.954
97.644
98.394
99.147
99.962
100.781
101.603
102.547
103.734
105.107
106.732
108.798
111.440
114.681
118.609
123.125
127.996
132.895
137.544
141.994
146.017
149.377
152.121
154.380
156.065
157.391
158.426
159.093
159.613
159.836
159.985
160.283
160.357
160.506
161.103
161.851
162.675
163.728
165.009
166.448
168.046
169.651
171.263
172.961
174.667
176.302
177.867
179.359
180.858
182.363
183.554
184.591
185.470
186.271
187.154
187.877
188.361
188.683
189.087
189.491
189.734
189.734
189.815
190.058
190.219
190.300
190.300
190.381
190.462
190.543
190.624
190.543
190.543
190.543
190.624
191.030
191.599
192.168
193.064
194.208
195.602
197.082
198.402
199.809
200.889
201.638
201.971
201.804
201.138
199.892
198.154
195.848
193.147
190.302
186.915
183.317
179.833
176.225
172.576
168.887
165.313
161.928
158.650
155.552
152.631
149.809
147.156
144.739
142.413
140.175
138.232
136.509
134.865
133.231
131.675
130.196
128.725
127.196
125.611
124.035
122.406
120.724
118.989
117.140
115.370
113.739
112.058
110.391
108.858
107.337
105.828
104.449
103.199
102.075
101.016
99.963
98.973
97.990
97.011
96.153
95.298
94.448
93.658
92.928
92.312
91.699
91.088
90.534
90.038
89.598
89.104
88.666
88.285
87.958
87.795
87.741
88.013
88.886
90.647
94.057
99.505
106.806
115.639
125.232
134.604
142.913
149.524
154.161
157.023
158.203
157.760
156.139
153.504
150.098
146.231
141.994
137.682
133.437
129.260
125.283
121.629
118.288
115.371
112.742
110.391
108.370
106.732
105.707
106.189
110.151
119.465
134.505
153.118
171.918
188.709
202.486
212.868
220.361
225.424
228.772
230.897
232.053
232.765
233.033
233.300
233.568
233.568
233.568
233.568
233.568
233.657
233.836
234.015
234.104
234.194
234.283
234.462
234.641
234.730
234.909
235.177
235.446
235.626
235.805
235.984
236.074
235.984
235.805
235.357
234.819
234.104
233.211
232.320
231.341
230.188
228.947
227.887
226.741
225.510
224.370
223.232
222.097
220.966
219.923
218.882
217.672
216.464
215.345
214.315
213.373
212.348
211.324
210.473
209.370
208.269
207.339
206.412
205.570
204.647
203.558
202.388
201.305
200.224
198.981
197.577
196.258
195.027
193.718
192.494
191.355
190.381
189.653
189.006
188.361
187.797
187.154
186.351
185.710
185.150
184.431
183.952
183.634
183.236
183.077
182.997
182.838
182.600
182.283
181.807
181.174
180.541
179.674
178.730
177.945
177.161
176.613
176.457
176.613
177.161
178.023
178.965
180.147
181.491
182.760
183.873
184.910
185.950
186.752
187.395
188.039
188.683
189.087
189.329
189.653
189.977
190.300
190.543
190.624
190.786
190.949
191.030
191.111
191.192
191.355
191.599
192.086
193.064
194.618
197.000
200.392
204.481
208.863
213.461
218.278
222.797
227.007
231.077
234.552
237.603
240.219
242.121
243.758
244.943
245.673
246.130
246.130
245.856
245.582
245.217
244.760
244.213
243.484
242.666
241.758
240.851
239.856
238.863
237.962
236.793
235.536
234.104
232.498
231.075
229.568
227.976
226.302
224.721
223.495
222.272
220.879
219.749
218.709
217.413
216.291
215.259
214.059
212.605
210.984
209.201
207.171
204.899
202.222
199.230
195.931
192.495
188.927
185.391
182.047
178.574
175.212
172.112
169.040
166.146
163.503
160.880
158.279
155.919
153.723
151.614
149.520
147.441
145.518
143.609
141.781
140.105
138.439
136.784
135.138
133.571
132.215
130.867
129.392
127.991
126.599
125.216
123.970
122.731
121.433
120.143
118.860
117.648
116.506
115.370
114.240
113.115
111.996
110.883
109.776
108.675
107.640
106.731
105.828
104.927
104.090
103.317
102.605
102.073
101.661
101.191
100.722
100.312
99.904
99.438
99.031
98.683
98.336
98.047
97.758
97.470
97.298
97.241
97.298
97.413
97.701
98.394
99.438
100.781
102.548
104.988
108.129
111.813
115.878
120.211
124.760
129.395
133.982
138.234
142.415
146.516
150.314
153.942
157.541
161.180
164.633
167.819
170.957
173.969
176.537
178.730
180.621
182.363
183.873
185.070
186.030
186.752
187.395
188.119
188.845
189.410
189.977
190.543
190.949
191.274
191.680
192.086
192.412
192.738
193.146
193.636
194.454
195.848
197.577
199.644
201.971
204.061
205.908
207.593
208.946
209.879
210.473
210.813
210.813
210.558
210.218
209.794
209.200
208.607
208.015
207.339
206.665
206.075
205.486
204.982
204.563
203.892
203.139
202.722
202.471
202.137
201.804
201.471
201.055
200.473
199.726
198.898
197.989
196.999
195.848
194.536
193.146
191.680
190.058
188.280
186.432
184.591
182.919
181.333
179.832
178.572
177.553
176.692
176.067
175.755
175.755
175.989
176.614
177.396
178.180
178.965
179.437
179.594
179.594
179.358
178.572
177.631
176.848
176.067
175.133
174.278
173.580
172.960
172.497
172.265
172.265
172.497
173.115
173.890
174.666
175.678
176.927
178.259
179.674
181.016
182.203
183.395
184.591
185.470
186.110
186.832
187.394
187.797
188.280
188.603
188.764
188.925
189.087
189.248
189.248
189.329
189.491
189.572
189.572
189.653
189.815
189.815
189.896
190.058
190.058
190.138
190.381
190.543
190.543
190.543
190.624
190.624
190.705
190.949
191.355
192.250
193.882
196.177
199.147
202.556
206.161
210.051
213.888
217.327
220.358
223.058
225.511
227.446
229.036
230.542
231.697
232.320
232.765
233.033
233.033
232.943
232.587
232.142
231.608
230.897
230.187
229.390
228.594
227.711
226.566
225.247
223.932
222.621
221.227
219.836
218.536
217.326
216.034
214.830
213.801
212.860
211.836
210.644
209.370
207.931
206.160
204.144
201.805
198.982
195.931
192.658
189.089
185.312
181.413
177.711
174.047
170.266
166.754
163.428
160.210
157.024
153.723
150.530
147.585
144.669
141.713
138.856
136.029
133.300
130.800
128.193
125.480
122.927
120.402
117.904
115.686
113.552
111.439
109.592
107.884
106.249
104.688
103.258
102.016
100.898
99.846
98.742
97.702
96.725
95.810
94.957
94.053
93.208
92.480
91.810
91.199
90.645
90.148
89.653
89.214
88.722
88.176
87.795
87.415
86.983
86.551
86.121
85.799
85.584
85.370
85.156
84.943
84.677
84.464
84.410
84.357
84.357
84.464
84.570
84.730
84.943
85.210
85.477
85.852
86.444
87.091
87.904
88.831
89.819
90.978
92.369
93.996
95.811
97.933
100.431
103.319
106.674
110.269
114.054
117.970
121.695
125.283
128.659
131.676
134.456
137.060
139.619
142.413
145.448
148.803
152.632
156.804
161.106
165.239
169.193
172.962
176.146
178.730
181.016
182.839
184.272
185.630
186.672
187.395
188.039
188.522
188.845
189.087
189.491
189.896
190.300
190.705
190.867
190.949
191.030
191.192
191.436
192.005
192.983
194.209
195.602
197.330
199.147
200.889
202.722
204.396
205.907
207.340
208.522
209.369
210.049
210.643
211.154
211.580
211.921
212.091
212.091
212.006
211.921
211.665
211.069
210.303
209.370
208.100
206.917
205.991
204.982
204.060
203.307
202.471
201.554
200.722
199.975
199.312
198.649
198.071
197.576
197.246
196.917
196.505
196.094
195.765
195.601
195.273
194.863
194.453
194.208
194.208
194.044
193.717
193.391
193.228
193.228
193.064
192.901
192.983
192.901
192.656
192.493
192.412
192.412
192.493
192.331
192.168
192.249
192.249
192.249
192.249
192.168
192.168
192.249
192.249
192.249
192.249
192.249
192.330
192.412
192.412
192.575
192.738
192.738
192.820
192.901
193.064
193.472
194.126
195.438
197.577
200.641
204.397
208.525
212.776
216.897
220.880
224.371
227.447
230.099
232.410
234.462
235.805
236.793
237.872
239.044
240.037
241.123
242.302
243.302
244.487
245.765
246.954
248.239
249.434
250.631
251.832
252.850
254.055
255.356
256.754
258.061
258.996
259.746
260.215
260.309
260.027
259.464
258.715
257.593
256.380
255.077
253.592
251.648
249.526
247.505
245.217
243.030
240.943
238.774
236.434
233.658
230.543
227.271
223.671
219.751
215.519
210.986
206.414
201.973
197.332
192.822
188.524
184.194
180.228
176.693
173.349
170.112
167.209
164.557
162.151
159.837
157.687
155.845
154.014
152.267
150.890
149.592
148.228
147.083
146.086
145.022
144.102
143.044
141.851
140.733
139.618
138.646
137.679
136.577
135.480
134.455
133.231
132.079
131.136
130.128
129.124
128.191
127.262
126.467
125.807
125.149
124.493
123.904
123.382
122.926
122.536
122.210
121.757
121.369
121.045
120.594
120.208
119.693
119.052
118.413
117.775
117.140
116.506
115.937
115.369
114.678
113.988
113.426
112.865
112.243
111.747
111.438
111.191
111.006
110.882
110.882
110.944
111.129
111.562
112.057
112.741
113.676
114.741
115.875
117.077
118.542
120.272
122.017
123.709
125.347
127.063
129.058
131.203
133.640
136.579
139.897
143.469
147.157
150.892
154.600
158.132
161.253
163.803
165.843
167.437
168.580
169.344
169.727
169.574
169.115
168.656
168.198
167.893
167.970
168.274
168.886
170.035
171.572
173.193
174.900
176.771
178.651
180.621
182.522
184.193
185.711
186.993
188.119
189.249
190.219
190.868
191.436
192.005
192.412
192.738
193.064
193.309
193.391
193.554
193.799
193.880
194.044
194.290
194.290
194.290
194.453
194.535
194.371
194.290
194.290
194.290
194.371
194.453
194.453
194.290
194.208
194.044
193.636
192.901
191.761
190.382
188.604
186.431
184.193
181.808
179.124
176.380
173.658
170.957
168.276
165.540
162.976
160.359
157.687
155.112
152.557
150.169
147.942
145.732
143.538
141.501
139.549
137.748
136.097
134.455
132.892
131.540
130.329
129.124
127.991
127.063
126.269
125.544
125.281
125.544
126.336
127.926
130.398
133.708
137.820
142.486
147.229
151.761
155.699
158.947
161.478
163.051
163.953
164.330
164.104
163.727
163.201
162.375
161.477
160.730
160.134
159.687
159.538
159.612
159.910
160.581
161.552
162.676
164.105
165.843
167.665
169.651
171.803
173.890
175.990
178.102
180.147
182.124
183.714
185.150
186.592
187.959
189.006
189.572
190.300
191.030
191.436
191.761
192.086
192.412
192.575
192.738
192.901
192.820
192.820
192.983
192.983
193.064
193.146
193.064
193.309
193.554
193.554
193.636
193.636
193.472
193.472
193.636
193.717
194.126
194.945
196.012
197.577
199.644
201.888
204.312
207.002
209.625
212.092
214.230
216.120
217.585
218.450
219.055
219.228
219.228
219.402
219.229
218.623
217.844
217.153
216.292
215.088
213.802
212.433
211.154
209.625
207.931
206.160
203.977
201.555
198.899
195.849
192.414
188.766
184.992
181.413
177.789
173.969
170.189
166.526
163.278
160.136
157.097
154.161
151.325
148.802
146.443
144.173
141.852
139.688
137.680
135.480
133.299
131.338
129.326
127.196
125.019
122.862
120.853
118.861
116.887
115.118
113.427
111.749
110.022
108.370
106.974
105.587
104.270
103.139
102.075
101.133
100.371
99.554
98.799
98.220
97.586
97.069
96.724
96.324
95.924
95.696
95.468
95.184
94.844
94.504
94.277
94.108
94.052
94.052
93.995
94.165
94.731
95.412
96.095
96.954
98.105
99.322
100.546
101.897
103.377
104.988
106.671
108.431
110.267
111.934
113.552
115.055
116.316
117.521
118.477
119.052
119.308
119.308
119.116
118.668
118.157
117.585
116.949
116.316
115.622
115.055
114.678
114.489
114.552
114.929
115.559
116.443
117.585
118.860
120.208
121.628
123.057
124.494
126.006
127.461
128.925
130.531
132.079
133.706
135.480
137.335
139.341
141.572
144.032
146.585
149.377
152.558
155.920
159.392
162.826
165.843
168.581
170.802
172.265
173.115
173.269
172.806
171.726
170.112
168.123
165.918
163.428
160.731
158.057
155.405
152.848
150.313
148.085
146.300
144.880
143.960
143.467
143.396
143.537
143.890
144.455
145.021
145.446
145.873
146.299
146.512
146.655
146.655
146.583
146.583
146.370
146.228
146.228
146.157
146.157
146.228
146.228
146.157
146.086
145.802
145.375
144.950
144.455
143.749
142.974
142.131
141.012
139.827
138.647
137.472
136.234
134.865
133.434
132.012
130.597
129.191
127.726
126.270
124.953
123.578
122.147
120.788
119.502
118.286
117.140
116.126
115.118
114.176
113.426
112.616
111.871
111.253
110.759
110.451
110.205
109.960
109.652
109.346
109.102
108.918
108.857
108.857
108.796
108.735
108.857
109.041
109.285
109.837
110.575
111.500
112.741
114.177
115.875
117.776
119.823
122.017
124.364
126.932
129.527
132.352
135.550
138.995
142.695
146.658
150.748
154.747
158.650
162.302
165.616
168.657
171.341
173.736
175.834
177.632
179.202
180.541
181.649
182.441
183.077
183.634
184.032
184.271
184.510
184.830
185.150
185.390
185.470
185.550
185.630
185.390
184.990
184.511
183.952
183.475
182.759
181.886
181.016
180.068
179.437
178.808
177.945
177.239
176.614
175.989
175.522
175.210
174.976
174.743
174.433
174.200
174.122
174.045
173.812
173.502
173.037
172.342
171.571
170.572
169.344
167.970
166.448
164.934
163.426
161.926
160.432
159.167
158.204
157.465
157.022
156.800
156.800
157.096
157.539
158.056
158.648
159.316
160.059
160.581
160.879
161.028
161.028
161.028
160.730
160.208
159.687
159.093
158.352
157.465
156.580
155.405
153.941
152.339
150.818
149.233
147.369
145.589
143.820
141.992
140.314
138.854
137.541
136.165
134.864
133.706
132.486
131.338
130.262
129.191
127.991
126.732
125.544
124.363
123.122
121.887
120.724
119.566
118.477
117.457
116.506
115.685
114.992
114.239
113.551
112.990
112.492
112.181
111.933
111.809
111.747
111.685
111.685
111.685
111.747
111.809
111.871
111.995
112.181
112.368
112.554
112.803
113.176
113.738
114.427
115.181
116.190
117.458
118.861
120.466
122.147
123.971
125.874
127.727
129.659
131.608
133.435
135.275
137.128
138.924
140.733
142.553
144.244
145.944
147.655
149.304
150.890
152.412
154.087
155.845
157.539
159.168
160.955
162.901
165.086
167.437
169.805
172.189
174.589
176.927
178.965
180.779
182.363
183.714
184.910
185.950
186.592
186.832
186.913
186.752
186.351
185.790
185.070
184.192
183.157
182.283
181.490
180.620
179.910
179.123
178.415
177.788
177.161
176.614
175.911
174.977
173.967
173.038
171.880
170.495
169.039
167.437
165.843
164.180
162.451
160.656
158.797
157.023
155.185
153.358
151.541
149.664
147.870
146.158
144.455
142.693
140.873
139.132
137.541
136.096
134.728
133.366
132.079
130.867
129.592
128.324
127.129
126.006
124.887
123.709
122.536
121.433
120.337
119.309
118.477
117.648
116.886
116.190
115.558
114.992
114.364
113.738
113.176
112.616
112.119
111.685
111.129
110.636
110.205
109.714
109.163
108.613
108.065
107.579
107.094
106.550
106.067
105.586
105.166
104.747
104.329
103.971
103.673
103.376
103.139
102.961
102.665
102.428
102.250
101.956
101.661
101.426
101.190
100.897
100.546
100.312
100.078
99.787
99.612
99.438
99.322
99.322
99.554
100.079
100.722
101.661
103.020
104.808
107.095
109.838
113.055
116.763
121.115
125.877
130.736
135.689
140.596
145.237
149.378
153.287
156.728
159.465
161.777
163.652
165.161
166.524
167.588
168.504
169.268
169.727
170.110
170.417
170.648
170.802
170.725
170.494
170.264
169.880
169.421
169.038
168.656
168.274
167.817
167.360
167.131
166.828
166.524
166.297
165.993
165.765
165.538
165.161
164.858
164.556
164.028
163.502
163.126
162.600
161.851
160.954
159.911
158.945
157.982
156.949
155.918
154.818
153.649
152.557
151.468
150.384
149.232
147.942
146.727
145.518
144.243
142.904
141.361
139.758
138.301
136.853
135.207
133.435
131.742
130.263
128.791
127.262
125.874
124.560
123.317
122.276
121.369
120.594
119.886
119.308
118.924
118.604
118.413
118.285
118.221
118.285
118.413
118.477
118.541
118.732
118.924
119.052
119.116
119.116
119.052
118.924
118.796
118.732
118.668
118.541
118.349
118.157
118.030
117.775
117.521
117.330
117.076
116.822
116.632
116.443
116.190
115.937
115.684
115.495
115.369
115.118
114.866
114.678
114.364
114.051
113.863
113.738
113.613
113.426
113.238
113.176
113.051
112.865
112.678
112.554
112.492
112.430
112.430
112.368
112.305
112.243
112.181
112.243
112.243
112.181
112.181
112.119
111.995
111.933
111.871
111.685
111.376
111.067
110.820
110.512
110.205
109.837
109.468
109.102
108.674
108.308
107.943
107.579
107.215
106.912
106.610
106.248
105.947
105.646
105.286
104.927
104.508
104.031
103.554
103.020
102.487
102.073
101.661
101.191
100.722
100.079
99.322
98.741
98.336
97.932
97.413
96.954
96.667
96.381
96.095
95.867
95.639
95.468
95.297
95.070
94.900
94.787
94.617
94.447
94.334
94.164
93.995
93.826
93.601
93.320
92.983
92.591
92.200
91.865
91.421
90.921
90.534
90.093
89.598
89.159
88.721
88.285
87.904
87.578
87.145
86.713
86.336
85.960
85.638
85.317
84.996
84.730
84.517
84.357
84.198
84.039
83.934
83.828
83.775
83.775
83.775
83.775
83.828
83.934
84.092
84.304
84.464
84.624
84.837
85.050
85.210
85.316
85.477
85.584
85.584
85.584
85.584
85.477
85.316
85.156
84.996
84.890
84.730
84.517
84.357
84.198
83.986
83.775
83.563
83.352
83.193
83.088
82.983
82.878
82.826
82.773
82.668
82.563
82.458
82.458
82.458
82.405
82.458
82.458
82.405
82.405
82.405
82.405
82.405
82.458
82.563
82.721
82.931
83.299
83.934
84.837
86.121
87.742
89.654
91.923
94.506
97.128
99.556
101.722
103.854
105.888
107.458
108.797
110.021
110.944
111.686
112.305
112.803
113.176
113.363
113.613
113.863
113.926
113.988
113.988
113.988
114.051
114.051
114.113
114.113
113.988
113.926
113.926
113.863
113.738
113.676
113.738
113.738
113.738
113.738
113.551
113.301
113.051
112.741
112.368
111.995
111.500
110.944
110.451
110.021
109.591
109.102
108.613
108.247
107.943
107.518
107.154
106.791
106.429
106.128
105.767
105.406
104.987
104.508
103.912
103.317
102.724
102.133
101.661
101.191
100.780
100.371
100.020
99.728
99.380
99.147
99.031
98.857
98.682
98.451
98.105
97.701
97.183
96.610
95.981
95.298
94.561
93.770
92.928
92.089
91.310
90.590
89.873
89.104
88.340
87.525
86.606
85.638
84.730
83.828
82.879
81.935
81.102
80.376
79.706
79.192
78.783
78.375
78.019
77.816
77.816
77.917
78.070
78.273
78.477
78.681
78.783
78.834
78.885
78.885
78.885
78.885
78.783
78.579
78.375
78.171
77.917
77.664
77.462
77.259
77.057
76.906
76.755
76.604
76.403
76.202
76.052
75.902
75.703
75.453
75.304
75.154
75.005
74.906
74.856
74.807
74.757
74.757
74.757
74.807
74.856
74.856
74.856
74.856
74.856
74.906
74.955
74.955
74.906
74.856
74.856
74.807
74.708
74.659
74.708
74.807
74.906
74.955
75.105
75.354
75.553
75.802
76.102
76.353
76.604
76.906
77.259
77.563
77.867
78.222
78.477
78.732
79.039
79.295
79.552
79.860
80.169
80.479
80.790
81.101
81.465
81.830
82.196
82.616
83.036
83.510
83.986
84.464
84.996
85.584
86.174
86.821
87.524
88.285
89.159
89.983
90.867
91.811
92.647
93.489
94.221
94.900
95.525
96.038
96.552
96.954
97.298
97.643
97.989
98.278
98.509
98.741
98.915
99.089
99.322
99.496
99.670
99.845
99.961
100.078
100.195
100.254
100.254
100.254
100.254
100.137
99.903
99.670
99.322
98.857
98.278
97.586
96.896
96.210
95.469
94.787
94.221
93.658
93.151
92.759
92.368
92.088
91.865
91.587
91.421
91.254
91.088
90.977
90.977
91.032
91.088
91.199
91.421
91.698
91.977
92.312
92.703
93.151
93.601
94.052
94.561
95.184
95.696
96.152
96.724
97.241
97.816
98.336
98.799
99.380
99.962
100.546
101.191
101.897
102.724
103.853
105.167
106.490
107.944
109.531
111.130
112.616
113.989
115.370
116.633
117.585
118.413
119.437
120.272
120.917
121.563
122.081
122.666
123.317
123.970
124.493
125.084
125.940
126.864
127.792
128.791
129.793
130.732
131.472
132.079
132.688
133.230
133.638
133.774
133.842
133.842
133.638
133.230
132.756
132.282
131.674
131.135
130.799
130.396
129.859
129.324
128.857
128.523
128.124
127.726
127.526
127.526
127.593
127.858
128.390
129.124
130.061
131.068
132.215
133.638
135.207
136.853
138.509
140.036
141.641
143.044
144.385
145.731
146.798
147.726
148.586
149.376
150.023
150.745
151.251
151.541
151.903
152.120
152.265
152.193
152.048
152.048
151.976
151.831
151.686
151.613
151.541
151.541
151.541
151.468
151.468
151.541
151.613
151.686
151.903
151.976
151.976
152.120
152.338
152.556
152.775
152.993
153.139
153.357
153.721
153.867
153.940
154.086
154.159
154.159
154.086
154.233
154.379
154.598
154.891
154.964
155.110
155.404
155.551
155.698
155.991
156.138
156.138
156.065
155.991
155.991
156.065
156.138
156.065
155.918
155.844
155.844
155.844
155.844
155.771
155.771
155.918
155.918
155.918
156.138
156.359
156.579
156.653
156.579
156.506
156.359
156.212
155.991
155.698
155.404
155.110
154.745
154.159
153.575
152.993
152.266
151.613
151.034
150.456
149.951
149.519
149.088
148.729
148.442
148.084
147.797
147.512
147.297
147.226
147.155
147.083
147.012
147.083
147.226
147.369
147.512
147.797
148.155
148.514
148.873
149.376
150.023
150.673
151.396
152.121
152.775
153.430
154.013
154.379
154.964
155.698
156.065
156.212
156.212
156.138
156.212
156.065
155.918
155.918
155.844
155.771
155.624
155.404
155.110
154.745
154.379
153.940
153.357
152.775
152.266
151.831
151.323
150.817
150.384
149.879
149.447
149.088
148.873
148.873
148.944
149.088
149.375
150.023
150.890
151.976
153.211
154.452
155.845
157.317
158.723
160.060
161.403
162.751
164.029
165.009
165.842
166.600
167.132
167.436
167.360
167.283
167.208
166.828
166.372
165.917
165.614
165.387
165.009
164.481
164.103
163.802
163.577
163.426
163.050
162.900
162.900
162.975
163.126
163.351
163.802
164.254
164.707
165.085
165.312
165.538
165.765
165.917
165.917
165.917
165.917
165.765
165.538
165.387
165.236
165.085
165.085
165.085
165.085
165.236
165.387
165.463
165.614
165.689
165.614
165.463
165.312
165.009
164.632
164.405
164.254
164.028
163.802
163.652
163.652
163.878
164.330
164.707
164.934
165.387
165.993
166.600
167.284
168.122
168.885
169.498
170.187
170.879
171.494
172.033
172.497
172.960
173.424
173.812
174.122
174.355
174.666
175.132
175.522
175.833
176.223
176.692
177.239
177.709
178.101
178.730
179.358
179.989
180.383
180.541
180.857
181.094
181.411
181.807
181.807
181.411
181.015
180.699
180.305
179.752
179.123
178.337
177.474
176.536
175.444
174.433
173.502
172.419
171.340
170.341
169.344
168.427
167.437
166.448
165.539
164.557
163.502
162.525
161.328
159.985
158.871
157.687
156.433
155.185
153.941
152.847
151.758
150.601
149.520
148.442
147.297
146.228
145.164
144.102
143.115
142.131
141.082
140.105
139.271
138.508
137.679
136.852
136.096
135.343
134.591
133.774
133.095
132.485
131.809
131.135
130.530
129.927
129.391
128.857
128.324
127.925
127.394
126.930
126.533
126.071
125.610
125.149
124.690
124.231
123.773
123.316
122.861
122.405
121.951
121.433
120.852
120.272
119.757
119.180
118.604
118.094
117.585
117.013
116.379
115.811
115.369
114.866
114.364
114.051
113.801
113.613
113.613
113.801
114.176
114.740
115.433
116.253
117.267
118.605
120.079
121.563
123.122
124.822
126.666
128.525
130.397
132.215
134.047
135.823
137.472
139.132
140.872
142.553
144.103
145.731
147.369
148.945
150.746
152.776
154.818
157.097
159.465
161.777
164.180
166.677
169.192
171.649
174.046
176.302
178.338
179.989
181.332
182.362
182.918
183.077
182.838
182.124
181.095
179.989
178.651
176.927
174.978
172.961
170.956
168.886
166.677
164.557
162.526
160.358
158.353
156.507
154.599
152.848
151.179
149.592
148.085
146.656
145.306
143.891
142.553
141.291
140.035
138.716
137.334
135.959
134.523
133.028
131.608
130.196
128.791
127.395
125.940
124.625
123.448
122.276
121.111
120.015
119.116
118.222
117.457
116.823
116.190
115.684
115.181
114.678
114.238
113.801
113.301
112.803
112.368
111.995
111.562
111.067
110.574
110.144
109.714
109.224
108.796
108.369
107.883
107.458
107.094
106.731
106.369
105.947
105.466
104.987
104.508
103.971
103.435
102.902
102.310
101.779
101.308
100.780
100.137
99.554
99.089
98.683
98.336
98.047
97.701
97.413
97.183
96.954
96.782
96.609
96.495
96.437
96.380
96.380
96.552
96.839
97.298
98.047
98.973
100.021
101.251
102.666
104.329
106.069
107.944
110.022
112.245
114.616
117.078
119.823
122.928
126.404
130.467
135.210
140.598
146.590
152.926
159.396
165.770
171.652
177.008
181.730
185.712
189.250
192.250
194.536
196.259
197.659
198.898
199.809
200.307
200.805
201.305
201.638
201.804
201.887
201.971
201.804
201.388
200.722
199.561
197.906
195.848
193.555
191.031
188.121
185.231
182.364
179.281
176.069
172.807
169.729
166.905
164.105
161.253
158.501
155.919
153.431
150.890
148.515
146.300
143.961
141.712
139.480
137.197
135.070
132.960
130.867
128.858
126.799
124.691
122.666
120.788
118.989
117.267
115.686
114.115
112.554
111.130
109.898
108.675
107.518
106.490
105.527
104.628
103.733
102.902
102.133
101.485
100.956
100.546
100.079
99.554
99.147
98.799
98.509
98.278
98.105
97.989
97.874
97.758
97.701
97.643
97.643
97.643
97.585
97.585
97.585
97.528
97.413
97.356
97.298
97.183
97.069
97.011
96.954
96.896
96.896
96.954
97.069
97.126
97.183
97.298
97.528
97.758
97.989
98.278
98.509
98.741
99.031
99.438
99.845
100.254
100.663
101.015
101.426
101.956
102.605
103.198
103.733
104.329
104.867
105.286
105.646
106.007
106.369
106.671
106.912
107.093
107.336
107.700
107.943
108.248
108.735
109.408
110.328
111.439
112.679
114.051
115.559
117.141
118.861
120.659
122.471
124.297
126.204
128.192
130.263
132.282
134.388
136.715
138.994
141.292
143.467
145.519
147.369
148.945
150.384
151.686
152.775
153.576
154.233
154.745
155.037
155.037
154.964
154.818
154.379
153.722
152.993
152.194
151.179
150.096
148.873
147.583
146.158
144.526
142.904
141.082
139.202
137.403
135.480
133.435
131.473
129.593
127.593
125.545
123.578
121.628
119.758
117.904
116.127
114.491
112.866
111.315
109.899
108.553
107.277
106.129
105.047
104.090
103.199
102.428
101.897
101.426
100.956
100.605
100.371
100.254
100.195
100.137
100.254
100.488
100.722
100.956
101.190
101.485
101.779
102.015
102.250
102.428
102.605
102.724
102.665
102.428
102.191
102.073
101.897
101.720
101.603
101.426
101.190
100.897
100.605
100.371
100.137
99.903
99.670
99.438
99.263
99.147
99.031
98.915
98.741
98.682
98.682
98.625
98.625
98.625
98.682
98.798
98.857
98.973
99.205
99.496
99.904
100.371
100.898
101.544
102.310
103.258
104.389
105.587
106.853
108.310
109.960
111.686
113.489
115.370
117.331
119.373
121.564
123.709
125.742
127.793
129.927
132.013
133.979
135.891
137.679
139.480
141.222
142.764
144.102
145.163
146.015
146.727
147.155
147.440
147.583
147.512
147.226
146.940
146.655
146.228
145.873
145.517
145.092
144.667
144.314
144.031
143.748
143.467
143.115
142.693
142.201
141.711
141.221
140.592
139.826
139.062
138.232
137.196
136.028
134.659
133.298
131.877
130.329
128.725
127.063
125.413
123.709
122.017
120.273
118.669
117.204
115.749
114.303
112.804
111.377
110.082
108.857
107.640
106.490
105.347
104.210
103.199
102.310
101.544
100.839
100.137
99.380
98.697
98.145
97.595
97.047
96.500
95.955
95.412
94.872
94.504
94.221
93.939
93.658
93.376
93.039
92.647
92.256
91.810
91.310
90.700
90.148
89.653
89.104
88.666
88.285
87.958
87.795
87.632
87.469
87.415
87.415
87.524
87.632
87.741
87.904
88.013
88.176
88.285
88.394
88.666
88.940
89.050
89.104
89.214
89.323
89.488
89.597
89.597
89.597
89.597
89.597
89.652
89.707
89.707
89.762
89.762
89.597
89.433
89.378
89.323
89.159
88.995
88.830
88.612
88.448
88.339
88.176
88.013
87.958
87.904
87.850
87.904
87.958
88.013
88.122
88.176
88.230
88.339
88.502
88.721
88.885
89.050
89.269
89.543
89.872
90.258
90.756
91.310
91.922
92.591
93.377
94.278
95.242
96.325
97.529
98.800
100.138
101.485
102.843
104.329
105.888
107.398
108.858
110.329
111.748
113.115
114.365
115.433
116.443
117.267
118.031
118.732
119.244
119.757
120.143
120.465
120.658
120.658
120.722
120.786
120.786
120.786
120.722
120.529
120.208
119.757
119.308
118.796
118.031
117.267
116.506
115.559
114.553
113.551
112.430
111.253
110.082
108.857
107.640
106.429
105.286
104.091
102.902
101.956
101.074
100.196
99.380
98.683
98.047
97.413
96.954
96.667
96.438
96.266
96.209
96.266
96.380
96.552
96.782
97.011
97.356
97.758
98.047
98.220
98.394
98.567
98.682
98.740
98.682
98.625
98.567
98.394
98.163
97.932
97.643
97.241
96.839
96.438
95.981
95.468
94.957
94.447
93.883
93.320
92.815
92.312
91.810
91.365
90.921
90.479
90.038
89.707
89.433
89.104
88.830
88.612
88.502
88.502
88.502
88.557
88.776
89.050
89.378
89.928
90.645
91.476
92.480
93.658
95.014
96.554
98.279
100.138
102.015
104.092
106.371
108.737
111.193
113.803
116.571
119.374
122.472
125.810
129.059
132.284
135.550
138.718
141.783
144.811
147.871
151.035
154.308
157.836
161.403
164.633
167.437
169.574
171.032
171.725
171.494
170.802
169.651
167.818
165.842
164.180
162.826
161.851
161.252
161.028
161.028
161.102
161.102
160.879
160.581
159.985
159.019
157.761
156.286
154.672
152.920
151.107
149.161
147.226
145.306
143.397
141.501
139.549
137.748
135.960
134.115
132.351
130.598
128.858
127.063
125.281
123.578
121.823
120.015
118.286
116.760
115.433
114.052
112.617
111.315
110.144
109.041
108.005
106.974
106.008
105.166
104.329
103.555
102.783
102.074
101.661
101.367
100.956
100.546
100.195
99.903
99.554
99.205
98.973
98.683
98.394
98.047
97.643
97.241
96.782
96.267
95.639
95.014
94.335
93.601
92.816
91.978
91.199
90.369
89.598
88.940
88.285
87.687
87.145
86.713
86.336
85.960
85.638
85.317
85.050
84.730
84.358
84.092
83.881
83.616
83.405
83.246
82.983
82.721
82.510
82.300
82.039
81.778
81.570
81.413
81.309
81.205
81.101
80.997
80.997
80.997
80.997
81.049
81.101
81.152
81.152
81.257
81.465
81.674
81.935
82.248
82.563
82.931
83.405
83.986
84.570
85.210
85.960
86.713
87.470
88.176
88.831
89.488
90.093
90.645
91.088
91.476
91.865
92.088
92.200
92.312
92.368
92.368
92.256
92.032
91.809
91.476
91.143
90.811
90.369
89.927
89.488
89.050
88.612
88.230
87.904
87.578
87.253
86.983
86.713
86.443
86.174
85.906
85.691
85.423
85.210
84.996
84.730
84.517
84.304
84.039
83.775
83.563
83.299
82.983
82.721
82.405
82.091
81.830
81.517
81.205
80.842
80.479
80.169
79.809
79.449
79.141
78.783
78.426
78.121
77.765
77.411
77.108
76.805
76.504
76.202
75.902
75.653
75.453
75.254
75.055
74.856
74.708
74.560
74.461
74.411
74.362
74.362
74.362
74.312
74.263
74.213
74.164
74.114
74.016
73.917
73.770
73.623
73.476
73.328
73.132
72.888
72.693
72.498
72.255
71.963
71.673
71.335
70.998
70.710
70.422
70.088
69.802
69.612
69.374
69.090
68.854
68.665
68.524
68.429
68.288
68.194
68.147
68.101
68.101
68.054
68.054
68.147
68.241
68.335
68.429
68.524
68.618
68.712
68.807
68.901
68.996
69.090
69.184
69.327
69.469
69.564
69.707
69.945
70.375
71.095
72.110
73.575
75.605
78.124
81.001
84.096
87.202
90.150
92.930
95.470
97.702
99.671
101.368
102.961
104.629
106.310
108.066
109.838
111.562
113.240
114.616
115.748
116.760
117.585
118.285
118.732
119.052
119.308
119.372
119.372
119.372
119.372
119.372
119.372
119.372
119.372
119.244
119.052
118.924
118.860
118.796
118.604
118.349
118.030
117.648
117.203
116.759
116.253
115.747
115.244
114.678
114.113
113.488
112.865
112.243
111.624
110.944
110.267
109.592
108.796
107.944
107.095
106.188
105.226
104.150
103.020
101.956
100.898
99.730
98.452
97.127
95.810
94.504
93.153
91.922
90.812
89.709
88.668
87.742
86.821
85.960
85.210
84.464
83.775
83.142
82.563
82.039
81.570
81.050
80.583
80.170
79.706
79.295
78.885
78.477
78.121
77.816
77.563
77.310
77.057
76.856
76.705
76.554
76.403
76.253
76.152
76.052
75.852
75.703
75.553
75.403
75.304
75.154
74.906
74.659
74.411
74.115
73.819
73.525
73.230
72.937
72.596
72.255
71.963
71.625
71.287
71.046
70.806
70.662
70.614
70.518
70.470
70.470
70.518
70.662
70.806
70.950
71.142
71.383
71.722
72.012
72.255
72.547
72.790
73.083
73.377
73.623
73.917
74.213
74.510
74.807
75.155
75.503
75.953
76.454
76.906
77.411
77.918
78.375
78.886
79.449
79.912
80.324
80.738
81.153
81.570
81.987
82.405
82.773
83.088
83.352
83.616
83.881
84.145
84.410
84.624
84.837
85.050
85.263
85.423
85.584
85.745
85.799
85.799
85.799
85.799
85.799
85.799
85.691
85.530
85.423
85.263
85.050
84.890
84.730
84.517
84.304
84.039
83.775
83.563
83.352
83.088
82.826
82.563
82.300
82.039
81.726
81.465
81.257
80.997
80.687
80.376
80.066
79.757
79.449
79.141
78.885
78.681
78.426
78.171
77.917
77.715
77.563
77.310
77.107
77.006
76.856
76.655
76.454
76.303
76.202
76.052
75.852
75.653
75.453
75.254
75.104
75.005
74.856
74.659
74.461
74.263
74.016
73.770
73.574
73.377
73.181
72.985
72.839
72.693
72.547
72.401
72.206
72.060
71.963
71.867
71.722
71.528
71.432
71.432
71.383
71.287
71.238
71.238
71.238
71.238
71.238
71.190
71.190
71.238
71.238
71.335
71.577
71.915
72.352
73.036
74.017
75.156
76.505
78.071
79.655
81.206
82.721
84.093
85.318
86.444
87.525
88.558
89.709
91.089
92.704
94.732
97.301
100.314
103.856
108.069
112.808
118.036
123.583
129.129
134.460
139.622
144.387
148.516
152.195
155.479
158.205
160.507
162.451
163.803
164.858
165.766
166.297
166.448
166.297
166.069
165.690
164.934
163.953
162.826
161.552
160.134
158.649
157.244
155.698
154.160
152.848
151.469
150.168
149.016
147.870
146.798
145.731
144.667
143.749
142.693
141.571
140.453
139.340
138.439
137.403
136.233
135.138
133.979
132.757
131.473
130.062
128.658
127.196
125.545
123.970
122.471
120.853
119.309
117.840
116.443
115.181
113.864
112.554
111.315
110.021
108.796
107.700
106.611
105.587
104.569
103.555
102.665
101.838
101.015
100.254
99.438
98.568
97.759
96.954
96.210
95.469
94.787
94.109
93.432
92.871
92.368
91.921
91.476
91.088
90.755
90.479
90.203
89.983
89.817
89.652
89.597
89.543
89.488
89.378
89.269
89.269
89.159
88.995
88.830
88.666
88.502
88.285
88.067
87.850
87.686
87.524
87.307
87.037
86.713
86.443
86.282
86.174
86.067
86.013
86.121
86.389
86.821
87.470
88.395
89.709
91.311
93.209
95.413
97.818
100.197
102.429
104.749
107.035
109.164
111.068
112.741
114.114
115.055
115.684
116.063
116.126
115.873
115.432
114.803
114.051
113.239
112.368
111.562
110.882
110.267
109.653
109.102
108.674
108.430
108.430
108.857
110.083
112.619
116.828
122.673
129.869
137.827
145.811
153.072
159.395
164.635
168.735
171.803
174.123
175.833
176.770
177.474
178.022
178.415
178.651
178.730
178.965
179.280
179.594
179.831
179.989
180.147
180.226
180.305
180.383
180.305
180.147
179.752
179.123
178.415
177.474
176.458
175.444
174.355
173.270
172.188
171.032
170.034
169.115
168.198
167.360
166.524
165.690
164.934
164.255
163.577
162.825
161.926
160.880
159.762
158.648
157.391
155.991
154.598
153.212
151.686
150.096
148.514
146.941
145.447
143.820
142.132
140.593
139.063
137.541
135.891
134.251
132.621
131.069
129.593
128.058
126.599
125.084
123.578
122.147
120.659
119.181
117.776
116.506
115.370
114.240
113.177
112.244
111.438
110.759
110.267
110.021
110.021
110.328
110.944
111.872
113.115
114.616
116.444
118.478
120.659
122.992
125.546
128.326
131.002
133.571
136.098
138.509
140.733
142.834
144.738
146.371
147.798
149.161
150.529
151.686
152.775
154.014
155.405
156.802
158.205
159.614
160.954
162.376
163.879
165.312
166.753
168.199
169.574
171.032
172.419
173.735
175.289
176.927
178.573
180.305
181.966
183.554
185.150
186.592
187.878
189.007
189.977
190.949
191.761
192.412
192.901
193.309
193.554
193.799
194.126
194.208
194.290
194.371
194.371
194.453
194.617
194.781
195.355
196.423
197.824
199.810
202.055
204.396
206.665
208.692
210.304
211.324
212.006
212.091
211.324
209.879
207.931
205.487
202.472
198.982
195.274
191.357
187.076
182.841
178.653
174.280
170.113
165.996
161.928
157.984
154.162
150.530
147.157
144.033
141.013
138.094
135.412
132.825
130.330
128.059
125.809
123.643
121.628
119.694
117.840
116.190
114.679
113.240
111.810
110.575
109.470
108.309
107.276
106.309
105.406
104.509
103.674
102.902
102.133
101.544
101.073
100.605
100.079
99.554
99.089
98.683
98.278
97.932
97.701
97.413
97.069
96.724
96.381
96.038
95.696
95.354
95.014
94.617
94.165
93.770
93.376
92.983
92.647
92.312
92.032
91.754
91.476
91.254
91.143
91.143
91.143
91.143
91.199
91.365
91.587
91.921
92.368
92.815
93.376
94.052
94.731
95.469
96.267
97.126
98.047
99.032
100.021
101.016
102.134
103.377
104.748
106.249
107.761
109.347
110.945
112.493
113.989
115.370
116.633
117.840
119.053
120.208
121.369
122.471
123.513
124.494
125.544
126.732
127.858
128.991
130.195
131.473
132.824
134.183
135.754
137.610
139.480
141.572
143.962
146.229
148.515
151.035
153.795
156.654
159.614
162.676
165.615
168.428
171.033
173.271
174.978
176.224
177.005
177.239
177.005
176.457
175.600
174.355
172.884
171.264
169.421
167.513
165.615
163.578
161.328
159.020
156.654
154.452
152.339
150.024
147.799
145.731
143.609
141.431
139.341
137.197
135.002
132.892
130.800
128.725
126.601
124.494
122.536
120.466
118.350
116.380
114.491
112.555
110.637
108.797
107.035
105.347
103.674
102.134
100.781
99.497
98.221
97.011
95.867
94.844
93.883
92.984
92.200
91.476
90.866
90.258
89.708
89.214
88.721
88.339
88.013
87.741
87.469
87.253
87.145
87.145
87.307
87.524
87.850
88.449
89.214
90.038
91.033
92.145
93.377
94.674
95.924
97.126
98.220
99.205
100.138
100.898
101.426
101.897
102.310
102.665
102.902
103.020
103.079
103.079
103.020
102.902
102.665
102.369
102.073
101.720
101.308
100.839
100.371
99.787
99.147
98.625
98.163
97.644
97.183
96.839
96.552
96.380
96.323
96.438
96.724
97.183
97.874
98.858
100.021
101.309
102.902
104.868
107.035
109.348
111.873
114.554
117.332
120.274
123.449
126.668
129.929
133.300
136.854
140.455
143.892
147.443
150.963
154.161
157.097
159.837
162.225
164.180
165.767
166.904
167.665
167.970
167.970
167.665
166.904
165.918
164.708
163.276
161.477
159.540
157.687
155.625
153.431
151.252
149.017
146.727
144.527
142.272
139.966
137.749
135.549
133.300
131.069
128.791
126.534
124.429
122.212
120.016
117.904
115.938
114.052
112.120
110.391
108.736
107.095
105.527
104.091
102.842
101.779
100.956
100.196
99.380
98.625
98.047
97.586
97.183
96.896
96.667
96.438
96.209
95.981
95.810
95.639
95.411
95.127
94.787
94.447
93.996
93.545
93.207
92.815
92.424
92.088
91.698
91.310
90.977
90.645
90.369
90.148
89.927
89.817
89.762
89.652
89.543
89.433
89.378
89.378
89.323
89.323
89.378
89.433
89.378
89.269
89.214
89.104
88.940
88.721
88.502
88.285
88.067
87.850
87.632
87.415
87.253
87.091
86.875
86.713
86.659
86.605
86.497
86.389
86.335
86.282
86.228
86.228
86.228
86.228
86.282
86.443
86.605
86.821
87.145
87.469
87.795
88.176
88.612
89.050
89.488
89.872
90.203
90.534
90.866
91.143
91.421
91.754
92.088
92.480
92.983
93.545
94.165
94.787
95.355
95.981
96.667
97.356
98.047
98.683
99.322
99.845
100.195
100.546
100.956
101.367
101.661
101.897
102.132
102.369
102.665
102.902
103.020
103.139
103.257
103.316
103.316
103.316
103.257
103.139
102.961
102.665
102.251
101.897
101.426
100.780
100.137
99.322
98.510
97.644
96.611
95.639
94.674
93.714
92.760
91.811
90.922
90.093
89.323
88.667
88.067
87.470
86.875
86.336
85.906
85.530
85.210
84.943
84.783
84.624
84.464
84.357
84.304
84.304
84.357
84.410
84.464
84.570
84.677
84.783
84.943
85.156
85.316
85.477
85.745
85.960
86.121
86.282
86.497
86.767
86.983
87.145
87.307
87.578
87.904
88.176
88.339
88.448
88.557
88.611
88.611
88.557
88.448
88.339
88.230
88.122
88.013
87.958
87.850
87.741
87.686
87.578
87.523
87.523
87.523
87.523
87.523
87.578
87.686
87.795
87.958
88.176
88.394
88.612
88.940
89.433
89.983
90.645
91.476
92.312
93.209
94.222
95.128
95.981
96.782
97.413
97.989
98.394
98.683
99.031
99.322
99.496
99.612
99.728
99.787
99.845
99.961
100.020
100.137
100.371
100.663
100.956
101.249
101.485
101.661
101.956
102.191
102.546
102.961
103.198
103.435
103.614
103.852
104.031
104.090
104.150
104.269
104.448
104.567
104.807
105.047
105.226
105.466
105.706
105.947
106.188
106.369
106.490
106.550
106.490
106.309
106.067
105.826
105.406
104.867
104.329
103.674
102.961
102.192
101.426
100.663
99.788
98.800
97.702
96.611
95.583
94.561
93.545
92.591
91.644
90.701
89.928
89.214
88.612
88.230
87.850
87.578
87.415
87.253
87.199
87.253
87.307
87.307
87.361
87.415
87.469
87.523
87.523
87.523
87.523
87.523
87.469
87.415
87.361
87.199
87.037
86.929
86.767
86.659
86.605
86.497
86.389
86.282
86.174
86.121
86.067
86.013
86.013
85.960
85.906
85.852
85.799
85.799
85.745
85.691
85.638
85.584
85.477
85.316
85.316
85.477
85.584
85.530
85.477
85.477
85.423
85.316
85.210
85.156
85.103
84.996
84.837
84.730
84.677
84.570
84.410
84.304
84.304
84.251
84.198
84.251
84.304
84.304
84.304
84.304
84.304
84.304
84.251
84.145
84.039
83.934
83.828
83.722
83.563
83.299
83.088
82.878
82.563
82.248
81.987
81.778
81.570
81.361
81.153
80.997
80.945
80.842
80.583
80.272
80.066
80.014
80.014
80.014
79.963
79.963
80.014
80.014
79.963
79.912
79.912
79.963
80.066
80.221
80.479
80.790
81.205
81.726
82.196
82.721
83.299
83.881
84.464
84.996
85.584
86.228
86.767
87.199
87.632
88.067
88.448
88.776
89.104
89.433
89.818
90.258
90.589
90.810
91.032
91.199
91.310
91.365
91.365
91.365
91.310
91.199
91.032
90.866
90.755
90.589
90.369
90.148
89.983
89.817
89.597
89.433
89.269
89.104
88.995
88.940
88.940
88.940
88.885
88.885
88.995
89.050
89.050
89.050
89.050
89.050
89.050
89.050
89.104
89.159
89.214
89.433
89.652
89.762
89.927
90.093
90.258
90.424
90.534
90.589
90.589
90.534
90.479
90.369
90.203
90.093
89.927
89.762
89.597
89.378
89.104
88.885
88.721
88.611
88.557
88.557
88.721
88.995
89.378
89.928
90.590
91.365
92.256
93.152
94.053
94.957
95.924
97.011
98.220
99.555
100.957
102.429
104.211
106.129
108.127
110.268
112.431
114.491
116.317
118.031
119.694
121.305
122.666
123.774
124.756
125.808
126.732
127.460
128.324
129.191
130.061
131.136
132.350
133.570
134.796
136.165
137.679
139.063
140.384
141.851
143.327
144.809
146.300
147.655
148.729
149.952
151.324
152.630
153.868
155.185
156.654
158.205
159.837
161.178
162.526
163.803
164.783
165.615
166.297
166.752
166.828
166.600
166.297
165.842
165.009
163.878
162.601
161.179
159.614
157.909
156.139
154.452
152.630
150.457
148.299
146.158
143.891
141.642
139.272
136.853
134.524
132.216
129.928
127.594
125.282
123.122
120.853
118.669
116.760
114.930
113.177
111.501
109.960
108.553
107.397
106.429
105.527
104.688
103.971
103.435
103.020
102.724
102.605
102.665
103.020
103.554
104.270
105.286
106.490
107.762
109.041
110.390
111.562
112.616
113.613
114.301
114.803
115.181
115.306
115.244
114.992
114.552
114.051
113.613
113.114
112.616
112.119
111.624
111.129
110.636
110.267
109.960
109.591
109.224
109.102
108.980
108.796
108.674
108.491
108.186
107.822
107.518
107.215
106.791
106.309
105.827
105.346
104.807
104.269
103.792
103.317
102.842
102.428
102.015
101.544
101.190
100.897
100.546
100.195
99.787
99.438
99.205
98.973
98.741
98.567
98.451
98.394
98.394
98.394
98.336
98.220
98.105
98.047
98.105
98.163
98.278
98.451
98.567
98.682
98.798
98.915
98.973
98.973
99.031
99.089
99.205
99.322
99.322
99.322
99.380
99.496
99.612
99.670
99.670
99.670
99.728
99.787
99.728
99.670
99.612
99.496
99.322
99.147
99.031
98.915
98.741
98.567
98.451
98.278
98.163
98.105
98.047
98.047
98.047
98.047
98.047
98.105
98.220
98.394
98.625
98.857
99.147
99.438
99.670
99.903
100.137
100.371
100.546
100.605
100.663
100.722
100.780
100.780
100.780
100.839
100.897
100.956
101.014
101.132
101.190
101.249
101.367
101.426
101.544
101.720
101.779
101.838
101.897
101.956
101.956
102.015
102.132
102.132
102.250
102.369
102.428
102.546
102.724
102.902
103.020
103.198
103.435
103.733
104.031
104.388
104.807
105.166
105.647
106.067
106.429
106.912
107.397
108.004
108.552
108.980
109.592
110.328
111.006
111.748
112.678
113.613
114.427
115.055
115.495
115.810
116.063
116.253
116.379
116.569
116.759
116.822
116.885
117.076
117.267
117.457
117.712
117.966
118.221
118.604
119.052
119.501
119.886
120.336
120.852
121.304
121.757
122.341
123.056
123.708
124.362
125.084
125.807
126.533
127.261
128.058
129.124
130.262
131.405
132.757
134.183
135.617
137.197
138.647
139.966
141.361
142.623
143.679
144.738
145.802
146.655
147.512
148.370
149.232
150.096
150.890
151.758
152.629
153.503
154.452
155.331
156.065
156.678
157.170
157.662
158.155
158.649
159.143
159.613
159.985
160.134
160.208
160.283
160.283
160.208
159.985
159.613
159.019
158.574
158.130
157.539
156.875
155.991
155.257
154.525
153.649
152.702
151.686
150.673
149.735
148.801
147.727
146.585
145.660
144.880
144.031
143.255
142.482
141.781
141.221
140.732
140.314
140.035
139.826
139.687
139.687
139.756
139.896
140.174
140.523
140.941
141.431
141.991
142.552
142.904
143.255
143.607
143.819
143.960
143.889
143.748
143.537
143.255
143.044
142.763
142.412
142.061
141.641
141.221
140.802
140.244
139.548
138.854
138.231
137.610
136.921
136.165
135.411
134.659
133.978
133.298
132.688
132.147
131.607
131.135
130.799
130.463
130.127
129.792
129.391
128.923
128.523
128.191
127.726
127.195
126.732
126.335
125.939
125.478
125.018
124.559
124.035
123.577
123.186
122.796
122.405
122.081
121.757
121.304
120.916
120.529
120.015
119.565
119.244
118.924
118.668
118.413
118.157
118.030
117.903
117.839
117.775
117.712
117.775
117.966
118.157
118.349
118.668
118.988
119.244
119.500
119.757
120.015
120.143
120.272
120.401
120.465
120.529
120.529
120.465
120.401
120.336
120.143
119.950
119.822
119.629
119.372
119.180
118.988
118.732
118.477
118.157
117.903
117.648
117.330
117.139
116.886
116.632
116.506
116.379
116.190
115.937
115.747
115.621
115.495
115.369
115.244
115.118
114.866
114.678
114.678
114.615
114.489
114.364
114.238
114.113
114.051
113.988
113.863
113.738
113.676
113.676
113.676
113.613
113.613
113.801
113.988
114.176
114.426
114.678
114.929
115.244
115.495
115.621
115.873
116.190
116.443
116.696
116.949
117.139
117.267
117.267
117.203
117.139
117.076
117.012
116.822
116.569
116.379
116.126
115.747
115.432
114.992
114.427
113.926
113.364
112.741
112.058
111.438
110.882
110.267
109.592
108.918
108.309
107.761
107.276
106.791
106.309
105.827
105.406
105.047
104.627
104.210
103.852
103.554
103.316
103.139
103.020
102.902
102.842
102.842
102.902
102.961
103.020
103.139
103.198
103.316
103.494
103.554
103.673
103.852
103.971
104.090
104.150
104.210
104.329
104.388
104.388
104.388
104.329
104.269
104.150
104.090
104.150
104.150
104.150
104.150
104.210
104.329
104.448
104.567
104.687
104.807
104.867
104.927
104.987
104.987
104.987
104.987
104.987
104.927
104.807
104.807
104.867
105.047
105.346
105.646
106.067
106.550
107.094
107.640
108.126
108.613
109.041
109.346
109.591
109.714
109.652
109.468
109.163
108.613
108.004
107.397
106.610
105.767
104.927
104.031
103.080
102.133
101.192
100.254
99.322
98.336
97.414
96.667
95.981
95.298
94.674
94.165
93.770
93.489
93.207
92.983
92.871
92.871
92.983
93.039
93.095
93.207
93.432
93.714
93.939
94.221
94.504
94.844
95.184
95.468
95.753
96.095
96.438
96.724
97.011
97.356
97.758
98.047
98.278
98.509
98.741
98.973
99.147
99.147
99.147
99.205
99.263
99.438
99.612
99.670
99.728
99.787
99.728
99.728
99.845
99.961
100.078
100.137
100.137
100.078
100.020
99.903
99.728
99.554
99.263
98.973
98.683
98.278
97.932
97.586
97.126
96.724
96.438
96.152
95.810
95.525
95.354
95.240
95.184
95.240
95.297
95.297
95.297
95.240
95.184
95.127
94.957
94.787
94.617
94.447
94.277
94.164
94.108
94.052
93.995
93.995
93.995
93.995
94.108
94.221
94.277
94.447
94.674
94.787
94.957
95.127
95.297
95.468
95.639
95.810
96.038
96.323
96.552
96.839
97.126
97.413
97.758
98.105
98.394
98.683
99.031
99.322
99.496
99.728
99.961
100.078
100.078
100.020
99.903
99.728
99.496
99.205
98.915
98.567
98.220
97.932
97.528
97.069
96.667
96.323
96.038
95.810
95.639
95.468
95.411
95.468
95.525
95.639
95.924
96.324
96.609
96.896
97.241
97.586
97.932
98.105
98.220
98.278
98.336
98.394
98.451
98.451
98.394
98.278
97.989
97.586
97.356
97.356
97.298
97.241
97.241
97.241
97.298
97.413
97.470
97.528
97.528
97.470
97.413
97.356
97.356
97.298
97.241
97.298
97.413
97.585
97.758
97.874
97.932
97.989
98.105
98.220
98.278
98.278
98.336
98.394
98.336
98.278
98.220
98.047
97.874
97.701
97.413
97.126
96.896
96.609
96.266
95.924
95.696
95.468
95.240
95.127
95.014
94.844
94.617
94.447
94.277
94.164
94.108
93.939
93.658
93.320
93.095
92.927
92.703
92.535
92.424
92.368
92.256
92.144
92.144
92.088
92.088
92.144
92.032
91.921
91.921
91.921
91.976
92.032
92.088
92.200
92.312
92.480
92.647
92.871
93.095
93.320
93.545
93.714
93.939
94.221
94.447
94.674
94.900
95.070
95.297
95.525
95.810
96.267
96.839
97.413
98.105
98.799
99.438
100.079
100.488
100.663
100.780
100.839
100.663
100.312
99.962
99.612
99.322
99.118
98.944
98.857
98.857
98.857
98.973
99.147
99.322
99.612
99.903
100.254
100.663
101.073
101.544
101.956
102.487
103.079
103.674
104.269
104.807
105.346
105.827
106.309
106.731
107.033
107.276
107.397
107.397
107.215
106.912
106.550
106.128
105.647
105.047
104.448
103.792
103.079
102.428
101.838
101.191
100.488
99.787
99.089
98.336
97.529
96.782
96.095
95.412
94.731
94.052
93.432
92.815
92.256
91.754
91.310
90.921
90.589
90.258
89.927
89.652
89.378
89.104
88.830
88.612
88.339
88.122
87.958
87.850
87.741
87.578
87.523
87.415
87.361
87.361
87.307
87.253
87.253
87.361
87.415
87.415
87.524
87.686
87.850
88.013
88.176
88.339
88.502
88.776
88.940
89.104
89.323
89.433
89.543
89.652
89.817
90.093
90.369
90.534
90.700
90.921
91.254
91.587
91.921
92.368
92.815
93.320
93.826
94.334
94.900
95.468
96.038
96.610
97.241
98.047
98.915
99.788
100.722
101.720
102.961
104.509
106.552
109.043
111.998
115.688
120.213
125.550
131.479
137.824
144.391
150.895
157.175
163.130
168.660
173.815
178.417
182.364
185.791
188.604
191.031
193.065
194.536
195.601
196.341
196.587
196.258
195.437
194.127
192.739
191.274
189.734
188.280
186.913
185.790
184.910
184.032
183.316
182.600
181.649
180.541
179.202
177.710
175.912
173.967
171.957
169.728
167.285
164.784
162.376
159.911
157.318
154.746
152.339
149.953
147.727
145.589
143.397
141.291
139.271
137.472
135.822
134.251
132.757
131.405
130.195
129.057
127.991
126.996
126.072
125.215
124.428
123.708
122.991
122.276
121.627
121.045
120.465
119.886
119.372
118.860
118.349
117.839
117.394
117.013
116.632
116.126
115.684
115.306
114.803
114.301
113.801
113.301
112.678
111.995
111.438
110.944
110.390
109.714
108.980
108.248
107.518
106.912
106.369
105.767
105.226
104.867
104.508
104.090
103.733
103.435
103.198
103.079
103.079
103.020
103.020
103.079
103.139
103.257
103.316
103.375
103.494
103.554
103.614
103.733
103.912
104.150
104.448
104.867
105.406
106.068
106.913
108.066
109.531
111.378
113.615
116.128
118.990
122.213
125.678
129.260
132.894
136.579
140.246
143.751
146.942
149.809
152.485
154.891
156.949
158.797
160.506
161.926
163.126
164.179
165.085
165.917
166.676
167.284
167.741
167.970
168.046
168.046
167.817
167.436
166.904
166.221
165.388
164.481
163.502
162.376
161.029
159.614
158.279
156.875
155.478
154.160
152.848
151.541
150.312
149.160
147.942
146.656
145.447
144.243
143.044
141.921
140.802
139.757
138.785
137.817
136.852
136.028
135.206
134.319
133.434
132.485
131.607
130.799
129.994
129.057
128.124
127.196
126.269
125.347
124.428
123.578
122.666
121.822
120.917
120.015
119.244
118.477
117.775
117.140
116.569
116.063
115.558
115.118
114.678
114.238
113.801
113.363
112.865
112.305
111.809
111.315
110.759
110.205
109.653
109.041
108.370
107.700
107.094
106.490
105.827
105.106
104.389
103.733
103.198
102.665
102.074
101.603
101.191
100.839
100.546
100.195
99.903
99.670
99.438
99.263
99.147
99.089
99.031
98.915
98.798
98.740
98.625
98.451
98.451
98.567
98.682
98.798
98.973
99.263
99.612
99.962
100.488
101.132
101.779
102.547
103.436
104.389
105.407
106.490
107.640
108.919
110.267
111.748
113.489
115.496
117.968
121.048
124.693
128.794
133.234
137.889
142.486
146.801
150.675
153.942
156.581
158.872
160.955
162.826
164.482
166.297
168.351
170.495
172.806
175.211
177.710
180.227
182.681
185.071
187.154
188.926
190.463
191.680
192.820
193.636
194.044
194.044
193.391
192.331
191.193
189.734
187.878
185.871
183.874
181.728
179.517
177.397
175.289
173.271
171.341
169.498
167.589
165.691
163.803
162.001
160.134
157.983
155.992
154.014
151.977
150.024
148.013
145.945
143.820
141.852
139.827
137.749
135.754
133.571
131.406
129.459
127.461
125.413
123.513
121.693
119.886
118.159
116.633
115.307
113.989
112.741
111.624
110.636
109.715
108.857
108.126
107.458
106.973
106.490
105.947
105.586
105.346
105.047
104.747
104.448
104.090
103.852
103.554
103.198
102.902
102.487
102.073
101.779
101.485
101.132
100.722
100.312
99.962
99.554
99.147
98.799
98.451
98.105
97.758
97.528
97.356
97.183
97.069
96.954
96.896
96.896
96.954
97.069
97.183
97.241
97.356
97.470
97.528
97.643
97.758
97.874
98.047
98.278
98.567
98.973
99.496
100.137
100.898
101.661
102.547
103.615
104.748
105.948
107.095
108.188
109.409
110.698
111.996
113.365
114.804
116.253
117.839
119.566
121.240
122.926
124.691
126.468
128.324
130.330
132.486
134.866
137.335
139.897
142.624
145.519
148.516
151.470
154.307
157.097
159.837
162.376
164.557
166.525
168.351
169.804
171.032
172.188
173.037
173.579
173.890
173.812
173.347
172.728
171.880
170.648
169.344
167.970
166.221
164.406
162.526
160.284
157.983
155.698
153.431
151.179
148.874
146.656
144.456
142.413
140.315
138.163
136.166
134.319
132.486
130.598
128.791
126.865
124.953
123.122
121.369
119.694
118.031
116.380
114.867
113.364
111.872
110.452
109.102
107.823
106.611
105.527
104.449
103.495
102.724
102.133
101.661
101.249
101.014
100.956
101.014
101.190
101.544
102.074
102.724
103.495
104.389
105.346
106.309
107.155
107.883
108.552
109.163
109.775
110.267
110.697
111.006
111.191
111.500
111.747
111.871
111.933
111.871
111.624
111.315
111.067
110.759
110.451
110.082
109.591
109.041
108.491
107.943
107.336
106.731
106.128
105.406
104.687
104.031
103.317
102.605
101.897
101.308
100.780
100.137
99.496
98.973
98.451
98.047
97.816
97.701
97.874
98.336
98.973
99.788
100.957
102.547
104.569
106.975
109.716
112.743
115.876
118.990
122.018
124.888
127.461
129.793
131.810
133.502
135.070
136.509
137.887
139.341
141.222
143.538
146.372
149.953
154.090
158.577
163.204
167.667
171.805
175.679
178.967
181.491
183.316
184.431
184.990
184.990
184.431
183.554
182.283
180.858
179.438
177.789
176.224
174.667
173.193
172.034
170.802
169.804
169.191
168.732
168.274
167.893
167.665
167.208
166.828
166.297
165.463
164.557
163.351
161.851
160.134
158.205
156.066
153.941
151.687
149.305
146.941
144.527
142.062
139.619
137.266
134.934
132.689
130.531
128.259
125.940
123.644
121.499
119.566
117.649
115.875
114.303
112.679
111.006
109.470
108.066
106.853
105.648
104.389
103.258
102.252
101.367
100.605
99.788
99.031
98.451
97.932
97.585
97.413
97.356
97.528
97.874
98.278
98.857
99.554
100.254
100.956
101.661
102.369
103.199
104.090
104.867
105.587
106.188
106.671
107.094
107.336
107.458
107.579
107.640
107.458
107.215
107.033
106.731
106.369
106.007
105.646
105.226
104.807
104.329
103.792
103.317
102.842
102.369
102.015
101.720
101.367
101.073
100.839
100.605
100.429
100.312
100.195
100.137
100.078
100.137
100.371
100.605
101.015
101.603
102.310
103.377
104.808
106.430
108.310
110.391
112.618
114.868
117.141
119.502
121.823
124.233
126.733
129.326
131.946
134.593
137.267
139.897
142.483
144.738
146.656
148.371
149.880
151.034
151.903
152.556
152.920
153.066
152.993
152.920
152.775
152.411
151.903
151.251
150.528
149.664
148.729
147.869
146.870
145.731
144.667
143.608
142.553
141.361
140.105
139.062
138.024
136.784
135.548
134.387
133.028
131.675
130.463
129.058
127.527
126.072
124.625
123.252
121.952
120.530
119.053
117.649
116.379
115.307
114.240
113.115
111.934
110.821
109.715
108.614
107.579
106.550
105.647
104.807
103.912
103.020
102.251
101.485
100.722
99.962
99.089
98.278
97.586
96.896
96.210
95.639
95.241
94.900
94.617
94.447
94.334
94.391
94.561
94.674
94.787
94.957
95.184
95.354
95.468
95.525
95.525
95.582
95.639
95.696
95.867
95.924
95.867
95.810
95.696
95.639
95.525
95.241
95.014
94.900
94.674
94.447
94.277
94.052
93.826
93.714
93.601
93.376
93.095
92.871
92.703
92.535
92.424
92.312
92.312
92.480
92.759
93.151
93.714
94.278
94.957
95.924
97.011
98.220
99.555
100.898
102.134
103.377
104.748
106.189
107.519
108.858
110.329
111.810
113.365
114.804
116.064
117.267
118.350
119.309
120.143
120.787
121.304
121.627
121.821
122.016
122.080
121.951
121.757
121.563
121.304
121.045
120.723
120.336
119.886
119.629
119.436
119.244
119.372
119.564
119.757
120.015
120.272
120.465
120.658
120.851
120.981
121.239
121.304
121.110
120.981
120.787
120.465
120.015
119.565
119.116
118.541
117.966
117.394
116.822
116.316
115.873
115.369
114.740
114.113
113.613
113.052
112.368
111.809
111.376
110.821
110.144
109.530
108.857
108.126
107.337
106.550
105.887
105.226
104.389
103.733
103.257
102.724
102.310
102.015
101.838
101.779
101.838
102.015
102.310
102.842
103.495
104.389
105.467
106.611
108.005
109.592
111.253
112.866
114.616
116.443
118.222
120.080
121.887
123.579
125.084
126.468
127.726
128.791
129.659
130.329
130.866
131.202
131.404
131.472
131.404
131.269
131.068
130.732
130.262
129.659
128.990
128.390
127.659
126.864
126.006
125.215
124.559
123.773
122.926
122.081
121.239
120.465
119.758
119.052
118.477
118.030
117.457
116.822
116.253
115.684
115.181
114.615
114.051
113.488
112.927
112.368
111.809
111.438
111.067
110.636
110.328
110.144
109.898
109.591
109.346
109.163
109.041
108.918
108.857
108.735
108.369
108.004
107.822
107.700
107.458
107.215
107.093
106.972
106.912
106.912
106.912
106.912
106.912
106.912
106.912
106.912
106.972
107.093
107.093
107.033
106.972
106.912
106.852
106.791
106.731
106.610
106.550
106.490
106.248
105.947
105.646
105.346
105.047
104.747
104.388
103.912
103.554
103.316
103.020
102.783
102.546
102.309
102.132
101.956
101.779
101.603
101.544
101.426
101.308
101.308
101.308
101.308
101.367
101.426
101.485
101.603
101.720
101.838
101.956
102.015
102.132
102.309
102.428
102.605
102.842
102.961
103.079
103.257
103.495
103.852
104.210
104.627
105.106
105.586
106.188
106.791
107.336
108.065
108.857
109.530
110.267
111.067
111.624
112.057
112.616
113.051
113.363
113.738
113.988
114.113
114.113
113.863
113.738
113.676
113.488
113.301
112.989
112.616
112.181
111.747
111.315
110.882
110.451
110.021
109.652
109.163
108.735
108.491
108.247
107.943
107.640
107.458
107.336
107.154
106.912
106.731
106.550
106.248
105.947
105.646
105.346
105.166
104.867
104.567
104.269
103.912
103.733
103.554
103.257
102.961
102.724
102.546
102.369
102.191
102.132
102.015
101.897
101.956
102.073
102.250
102.546
102.902
103.317
103.852
104.508
105.226
105.948
106.731
107.518
108.309
109.225
110.205
111.315
112.616
114.114
115.749
117.522
119.566
121.888
124.232
126.535
128.992
131.406
133.707
135.960
138.025
139.966
141.921
143.679
145.235
146.799
148.156
149.448
150.673
151.613
152.411
153.139
153.721
154.086
154.379
154.525
154.452
154.379
154.233
154.086
153.867
153.284
152.702
152.193
151.613
151.106
150.600
149.951
149.304
148.586
147.869
147.226
146.584
146.086
145.447
144.597
143.749
142.904
141.991
141.081
140.174
139.201
138.232
137.334
136.371
135.343
134.319
133.298
132.350
131.472
130.665
129.927
129.258
128.657
128.058
127.526
127.128
126.996
127.261
127.792
128.124
128.191
128.324
128.457
128.657
128.857
129.124
129.525
129.725
129.993
130.329
130.262
130.127
130.127
130.127
130.060
129.926
129.859
129.859
129.859
129.926
130.194
130.597
131.001
131.404
131.877
132.485
133.298
134.114
134.796
135.479
136.302
137.196
137.885
138.646
139.409
139.965
140.453
140.732
140.871
141.011
141.151
141.571
142.201
142.833
143.749
144.880
145.944
146.941
148.013
149.376
150.963
152.703
154.525
156.286
157.909
159.391
160.805
162.001
162.975
163.953
164.783
165.387
166.069
166.752
167.208
167.665
168.046
168.198
168.198
168.198
168.274
168.198
168.046
167.893
167.893
167.893
167.817
167.893
168.046
168.122
168.198
168.198
168.198
168.351
168.351
168.198
168.046
167.893
167.512
167.055
166.600
165.993
165.463
164.934
164.179
163.426
162.750
161.926
161.029
160.283
159.465
158.500
157.539
156.433
155.038
153.649
152.412
151.035
149.664
148.514
147.512
146.584
145.802
145.234
145.021
145.305
146.015
146.941
147.798
148.586
149.160
149.447
149.591
149.519
149.303
149.016
148.657
148.299
147.869
147.369
147.012
146.655
146.228
145.802
145.375
145.091
144.738
144.314
143.960
143.467
143.044
142.622
142.131
141.641
141.151
140.592
139.896
139.201
138.577
137.955
137.334
136.714
136.096
135.548
134.932
134.318
133.774
133.230
132.688
132.147
131.674
131.202
130.732
130.262
129.659
129.124
128.723
128.324
127.925
127.460
126.996
126.599
126.269
125.939
125.478
125.018
124.689
124.493
124.231
123.904
123.708
123.512
123.316
123.186
123.056
122.926
122.796
122.796
122.861
122.861
122.861
122.991
123.251
123.446
123.708
124.035
124.362
124.821
125.281
125.807
126.401
126.930
127.526
127.991
128.457
128.990
129.391
129.725
129.926
130.060
130.194
130.262
130.194
130.127
129.993
129.725
129.458
129.057
128.657
128.257
127.726
127.063
126.467
126.005
125.478
124.887
124.362
123.904
123.447
122.991
122.536
122.146
121.821
121.433
121.045
120.787
120.529
120.208
119.822
119.500
119.372
119.244
119.052
118.924
118.796
118.668
118.541
118.413
118.349
118.285
118.221
118.221
118.030
117.839
117.775
117.712
117.648
117.521
117.394
117.267
117.203
117.076
116.885
116.822
116.759
116.569
116.443
116.379
116.253
116.063
115.873
115.747
115.558
115.369
115.244
115.055
114.866
114.615
114.301
114.051
113.801
113.551
113.301
113.051
112.741
112.430
112.181
111.871
111.562
111.253
110.882
110.574
110.328
110.082
109.775
109.468
109.224
109.041
108.857
108.613
108.308
108.004
107.700
107.397
107.154
106.912
106.671
106.490
106.248
105.947
105.706
105.466
105.226
104.927
104.627
104.329
103.912
103.614
103.435
103.198
103.079
103.079
103.139
103.316
103.554
103.912
104.508
105.286
106.188
107.155
108.249
109.531
110.945
112.430
113.989
115.622
117.268
118.989
120.724
122.471
124.166
125.742
127.262
128.725
130.129
131.270
132.079
132.824
133.502
133.909
134.113
134.182
134.046
133.706
133.095
132.485
131.944
131.136
130.195
129.258
128.258
127.262
126.270
125.150
124.101
123.187
122.276
121.433
120.659
119.822
119.052
118.286
117.457
116.822
116.190
115.495
114.866
114.176
113.426
112.741
112.119
111.562
111.006
110.451
110.021
109.591
109.163
108.857
108.613
108.308
108.065
107.822
107.640
107.518
107.397
107.336
107.276
107.215
107.093
106.972
106.912
106.912
106.852
106.791
106.791
106.791
106.791
106.791
106.791
106.791
106.791
106.731
106.671
106.671
106.610
106.490
106.429
106.369
106.309
106.309
106.309
106.309
106.309
106.309
106.309
106.309
106.309
106.248
106.188
106.188
106.188
106.188
106.188
106.128
106.067
106.067
106.007
105.947
105.886
105.826
105.826
105.766
105.646
105.526
105.406
105.466
105.526
105.406
105.346
105.346
105.346
105.346
105.346
105.346
105.346
105.406
105.466
105.466
105.406
105.346
105.286
105.166
105.106
105.047
104.867
104.687
104.567
104.388
104.210
104.090
103.971
103.852
103.792
103.733
103.673
103.673
103.673
103.614
103.494
103.375
103.198
102.961
102.665
102.310
102.015
101.661
101.249
100.839
100.371
99.904
99.380
98.857
98.336
97.816
97.356
96.896
96.495
96.152
95.810
95.411
95.070
94.787
94.504
94.221
93.939
93.770
93.601
93.432
93.320
93.207
93.095
92.983
92.871
92.759
92.647
92.480
92.312
92.256
92.144
91.976
91.809
91.643
91.476
91.254
91.032
90.866
90.755
90.589
90.314
90.038
89.817
89.652
89.488
89.269
89.104
88.995
88.885
88.776
88.721
88.721
88.666
88.666
88.721
88.721
88.776
88.830
88.940
89.159
89.378
89.597
89.872
90.203
90.589
90.921
91.254
91.643
92.033
92.480
92.927
93.376
93.770
94.108
94.391
94.617
94.844
95.014
95.127
95.184
95.184
95.240
95.297
95.297
95.240
95.127
94.957
94.787
94.561
94.221
93.939
93.714
93.489
93.264
93.039
92.815
92.591
92.312
92.088
91.921
91.698
91.476
91.254
91.088
90.977
90.755
90.479
90.148
89.817
89.488
89.104
88.721
88.285
87.904
87.524
87.145
86.767
86.389
86.013
85.638
85.317
85.050
84.837
84.624
84.410
84.198
84.039
83.934
83.828
83.722
83.669
83.669
83.669
83.669
83.722
83.828
83.934
84.039
84.145
84.304
84.517
84.730
84.943
85.156
85.423
85.691
85.960
86.174
86.335
86.551
86.767
86.929
87.145
87.415
87.686
87.958
88.339
88.830
89.378
90.093
90.978
92.090
93.490
95.014
96.611
98.337
100.080
101.839
103.794
105.948
108.127
110.391
112.805
115.245
117.586
119.823
121.952
123.840
125.413
126.666
127.659
128.457
128.990
129.258
129.391
129.391
129.258
129.057
128.790
128.590
128.390
128.257
128.191
128.058
127.925
127.858
127.858
127.858
127.858
127.792
127.726
127.659
127.659
127.593
127.393
127.194
126.996
126.798
126.467
126.137
125.741
125.281
124.756
124.101
123.447
122.666
121.757
120.917
120.079
119.244
118.413
117.521
116.696
115.937
115.244
114.553
113.926
113.426
112.927
112.492
112.181
111.871
111.624
111.500
111.438
111.562
111.685
111.809
111.871
111.809
111.809
111.809
111.747
111.685
111.562
111.376
111.191
110.882
110.635
110.328
109.898
109.408
108.857
108.369
107.883
107.518
107.336
107.215
107.276
107.579
108.004
108.552
109.286
110.082
110.945
111.996
113.177
114.428
115.686
116.887
118.031
119.181
120.208
121.110
121.952
122.601
122.991
123.121
123.121
122.926
122.536
121.952
121.110
120.272
119.437
118.541
117.648
116.886
116.253
115.684
115.118
114.552
114.113
113.738
113.363
112.989
112.741
112.616
112.430
112.243
112.119
112.057
111.995
111.871
111.933
112.616
114.365
117.843
123.718
132.094
142.289
153.155
163.438
172.273
179.442
184.913
188.846
191.356
192.657
192.983
192.656
191.843
190.463
188.926
187.315
185.551
183.794
182.045
180.305
178.573
176.849
175.289
173.813
172.343
171.032
169.728
168.275
166.828
165.615
164.406
163.126
162.001
160.805
159.539
158.574
157.760
156.801
155.844
154.891
154.013
153.211
152.411
151.613
150.745
150.096
149.519
148.729
148.084
147.512
146.798
146.157
145.517
144.950
144.243
143.326
142.412
141.431
140.383
139.202
138.024
136.784
135.412
134.115
132.757
131.338
129.928
128.391
126.931
125.610
124.363
123.122
121.887
120.788
119.822
118.860
117.839
117.013
116.253
115.558
114.992
114.364
113.863
113.426
112.989
112.741
112.616
112.492
112.368
112.305
112.305
112.368
112.368
112.368
112.616
113.052
113.363
113.551
113.863
114.176
114.426
114.678
114.992
115.244
115.432
115.558
115.684
115.937
116.126
116.316
116.506
116.569
116.696
116.885
116.949
116.949
117.012
117.076
117.203
117.457
117.839
118.349
118.988
119.629
120.336
121.304
122.406
123.578
124.822
126.072
127.328
128.591
129.793
130.934
132.012
133.299
134.796
136.234
137.886
139.897
142.062
144.315
146.656
149.089
151.542
153.942
156.213
158.353
160.358
162.151
163.577
164.783
165.766
166.372
166.600
166.524
166.221
165.766
165.009
163.953
162.751
161.328
159.763
158.057
156.360
154.672
152.848
151.035
149.305
147.584
145.802
144.032
142.343
140.733
139.132
137.472
135.891
134.319
132.757
131.204
129.660
128.125
126.533
124.953
123.383
121.823
120.272
118.796
117.394
116.064
114.804
113.552
112.244
110.945
109.715
108.614
107.519
106.490
105.587
104.628
103.733
102.902
102.133
101.485
100.956
100.429
99.845
99.263
98.741
98.336
97.989
97.586
97.241
97.011
96.839
96.667
96.495
96.437
96.437
96.495
96.552
96.609
96.724
96.839
97.011
97.356
97.816
98.220
98.509
98.799
99.205
99.612
100.020
100.488
100.897
101.367
101.897
102.428
103.020
103.614
104.269
104.927
105.587
106.188
106.671
107.215
107.761
108.309
108.980
109.776
110.636
111.562
112.679
114.051
115.559
117.204
119.117
121.176
123.187
125.282
127.395
129.459
131.608
133.638
135.480
137.335
139.132
140.803
142.413
143.891
145.235
146.442
147.727
148.944
149.951
151.035
152.121
153.066
153.941
154.818
155.698
156.654
157.539
158.278
158.945
159.539
160.283
161.028
161.626
162.300
162.975
163.577
164.104
164.330
164.330
164.330
164.028
163.426
162.675
161.627
160.283
158.723
157.096
155.405
153.650
151.904
150.096
148.228
146.443
144.739
143.045
141.431
139.897
138.509
137.197
135.822
134.455
133.163
132.012
130.934
129.860
128.857
127.792
126.732
125.742
124.821
123.839
122.796
121.887
120.917
119.886
118.860
117.903
117.013
116.126
115.306
114.428
113.551
112.741
111.934
111.129
110.328
109.531
108.796
108.065
107.276
106.610
106.007
105.286
104.508
103.852
103.257
102.665
102.133
101.720
101.250
100.780
100.429
100.020
99.496
99.031
98.683
98.336
97.932
97.585
97.413
97.183
96.954
96.839
96.839
97.069
97.241
97.356
97.585
97.816
97.989
98.163
98.451
98.857
99.380
99.962
100.371
100.780
101.367
101.838
102.310
102.842
103.376
103.971
104.628
105.226
105.767
106.429
107.094
107.700
108.492
109.531
110.575
111.810
113.365
114.930
116.443
118.095
119.887
121.628
123.252
124.757
126.270
127.793
129.258
130.732
132.147
133.502
134.865
136.302
137.679
138.924
140.105
141.221
142.272
143.326
144.455
145.376
146.157
146.798
147.226
147.655
148.084
148.299
148.370
148.442
148.442
148.442
148.442
148.442
148.442
148.514
148.586
148.586
148.657
148.873
149.088
149.303
149.591
149.879
150.240
150.672
151.034
151.251
151.468
151.686
151.831
151.831
151.686
151.468
151.034
150.312
149.448
148.514
147.512
146.371
145.093
143.750
142.343
140.942
139.480
138.025
136.646
135.275
133.843
132.418
131.069
129.660
128.191
126.666
125.216
123.839
122.341
120.853
119.374
117.840
116.443
115.181
113.864
112.492
111.130
109.898
108.736
107.579
106.429
105.346
104.329
103.317
102.370
101.544
100.839
100.021
99.147
98.394
97.759
97.183
96.610
96.095
95.696
95.298
94.957
94.787
94.731
94.731
94.787
94.957
95.184
95.468
95.924
96.495
97.069
97.701
98.278
98.799
99.380
100.021
100.663
101.191
101.661
102.133
102.665
103.198
103.554
103.852
104.210
104.568
104.867
105.106
105.346
105.586
105.887
106.248
106.671
107.155
107.761
108.614
109.653
110.883
112.368
114.114
116.001
118.031
120.209
122.537
124.954
127.395
129.860
132.283
134.729
137.197
139.758
142.272
144.810
147.370
150.025
152.849
155.626
158.427
161.104
163.728
166.374
168.886
171.187
173.116
174.978
176.771
178.102
179.123
180.147
181.015
181.649
182.283
182.679
182.758
182.758
182.679
182.441
182.203
181.966
181.569
181.015
180.383
179.752
179.201
178.651
178.101
177.474
176.692
175.833
174.899
173.812
172.497
170.955
169.421
167.741
165.767
163.653
161.328
158.872
156.360
153.868
151.325
148.802
146.372
143.891
141.432
138.994
136.578
134.251
132.080
129.928
127.660
125.479
123.383
121.370
119.502
117.649
115.938
114.365
112.679
111.130
109.776
108.492
107.337
106.249
105.286
104.389
103.555
102.842
102.192
101.661
101.249
100.897
100.605
100.371
100.195
100.020
99.845
99.728
99.670
99.728
99.903
100.078
100.137
100.195
100.254
100.254
100.254
100.254
100.312
100.371
100.429
100.488
100.546
100.663
100.780
100.897
100.956
101.014
101.132
101.249
101.426
101.661
101.897
102.192
102.546
102.961
103.495
104.090
104.687
105.286
106.008
106.731
107.458
108.248
109.163
110.267
111.315
112.492
113.863
115.433
117.204
119.117
121.241
123.579
126.072
128.524
130.800
132.960
135.206
137.335
139.271
141.082
142.694
144.314
145.802
147.084
148.514
149.952
151.397
153.066
154.745
156.433
158.205
160.060
161.926
163.728
165.464
167.057
168.504
169.804
171.032
171.956
172.574
173.115
173.424
173.502
173.424
173.269
173.037
172.728
172.342
171.956
171.571
171.186
170.955
170.879
170.879
170.955
171.032
171.340
171.802
172.033
172.265
172.342
172.265
172.110
171.802
171.417
170.802
170.110
169.421
168.656
167.741
166.676
165.615
164.557
163.351
161.926
160.506
158.945
157.244
155.405
153.504
151.614
149.592
147.727
145.873
143.961
142.132
140.314
138.578
136.921
135.344
133.843
132.351
131.001
129.727
128.391
127.063
125.874
124.756
123.578
122.471
121.433
120.401
119.373
118.350
117.457
116.633
115.874
115.244
114.553
113.801
113.052
112.430
111.810
111.191
110.636
110.021
109.469
108.857
108.187
107.579
106.973
106.369
105.707
105.047
104.389
103.733
103.139
102.546
102.015
101.603
101.249
100.956
100.722
100.488
100.371
100.254
100.137
100.137
100.137
100.195
100.312
100.429
100.663
100.956
101.249
101.603
102.015
102.605
103.317
104.150
105.166
106.430
107.944
109.654
111.501
113.490
115.496
117.459
119.566
121.693
123.775
125.808
127.860
129.927
131.878
133.843
135.891
137.955
140.036
141.991
143.962
145.873
147.584
149.304
150.963
152.557
154.087
155.552
157.023
158.427
159.837
161.253
162.601
163.878
165.009
166.145
167.208
168.275
169.115
169.651
170.341
170.802
170.879
170.725
170.417
169.957
169.421
168.809
168.046
167.208
166.221
165.236
164.255
163.201
162.075
160.880
159.614
158.205
156.802
155.405
153.941
152.412
150.746
148.945
147.226
145.589
143.820
141.992
140.244
138.509
136.784
135.070
133.299
131.540
129.794
128.059
126.402
124.691
122.992
121.305
119.630
118.095
116.570
115.181
113.801
112.430
111.191
110.021
108.857
107.700
106.671
105.647
104.628
103.615
102.606
101.779
101.074
100.312
99.554
98.915
98.394
97.932
97.528
97.241
97.126
97.126
97.183
97.356
97.585
97.816
98.105
98.394
98.625
98.798
98.915
99.031
99.031
98.973
98.857
98.682
98.509
98.336
98.105
97.816
97.528
97.298
97.126
97.011
96.954
96.839
96.839
96.896
97.011
97.241
97.470
97.701
97.932
98.278
98.625
98.915
99.263
99.612
99.962
100.312
100.722
101.132
101.485
101.956
102.487
103.020
103.614
104.329
105.106
106.008
106.974
107.883
108.857
109.837
110.883
111.934
112.928
113.926
114.929
115.811
116.633
117.457
118.286
119.116
119.886
120.529
121.110
121.692
122.276
122.861
123.316
123.773
124.297
124.887
125.478
126.071
126.798
127.526
128.324
129.258
130.195
131.203
132.282
133.434
134.591
135.685
136.784
137.748
138.577
139.410
140.035
140.453
140.801
141.011
141.011
140.871
140.592
140.105
139.617
138.993
138.231
137.610
136.921
136.096
135.206
134.251
133.366
132.418
131.405
130.463
129.391
128.258
127.063
125.808
124.560
123.317
122.082
120.724
119.373
117.967
116.570
115.307
113.989
112.617
111.315
110.082
108.857
107.700
106.611
105.527
104.389
103.317
102.370
101.485
100.663
99.846
98.973
98.163
97.414
96.667
95.981
95.355
94.787
94.221
93.770
93.432
93.039
92.703
92.535
92.480
92.480
92.535
92.703
92.871
93.095
93.432
93.770
94.221
94.787
95.355
95.924
96.553
97.241
97.932
98.509
99.031
99.554
99.962
100.371
100.722
100.897
101.014
101.073
101.073
101.014
100.897
100.780
100.663
100.488
100.195
99.961
99.728
99.438
99.205
98.973
98.741
98.509
98.336
98.163
97.932
97.701
97.470
97.241
97.069
96.954
96.896
96.839
96.782
96.782
96.839
96.954
97.183
97.528
97.989
98.567
99.205
99.904
100.663
101.426
102.252
103.139
104.090
105.166
106.249
107.276
108.370
109.531
110.575
111.624
112.616
113.551
114.427
115.181
115.874
116.443
116.949
117.394
117.839
118.413
118.732
118.860
119.052
119.244
119.436
119.500
119.564
119.564
119.500
119.500
119.500
119.372
119.180
118.988
118.732
118.349
117.903
117.521
117.076
116.696
116.379
115.937
115.495
115.181
114.866
114.489
114.113
113.676
113.239
112.865
112.492
112.057
111.624
111.191
110.636
110.082
109.591
109.041
108.430
107.761
107.094
106.550
105.888
105.106
104.389
103.674
102.961
102.251
101.661
101.074
100.429
99.845
99.205
98.567
97.989
97.471
96.954
96.438
95.924
95.468
95.014
94.447
93.939
93.432
92.871
92.312
91.754
91.143
90.479
89.873
89.269
88.558
87.904
87.361
86.767
86.174
85.691
85.263
84.890
84.624
84.464
84.357
84.304
84.357
84.464
84.570
84.730
85.050
85.423
85.745
86.013
86.228
86.389
86.497
86.551
86.551
86.497
86.335
86.174
86.013
85.799
85.530
85.210
84.890
84.624
84.358
84.039
83.669
83.247
82.826
82.405
82.039
81.674
81.361
81.101
80.842
80.738
80.738
80.842
80.997
81.205
81.622
82.091
82.668
83.405
84.199
85.211
86.391
87.579
88.886
90.369
91.922
93.602
95.413
97.357
99.381
101.427
103.556
105.768
108.066
110.391
112.680
114.805
116.823
118.733
120.530
122.212
123.644
124.822
125.874
126.732
127.327
127.858
128.191
128.324
128.390
128.324
128.191
127.991
127.593
127.128
126.732
126.269
125.741
125.215
124.690
124.231
123.839
123.447
123.121
122.926
122.861
122.796
122.796
122.861
122.861
122.861
122.796
122.666
122.470
122.210
121.821
121.304
120.787
120.208
119.501
118.732
117.839
116.950
116.126
115.244
114.302
113.302
112.244
111.191
110.205
109.225
108.248
107.276
106.369
105.407
104.389
103.377
102.370
101.426
100.488
99.438
98.452
97.472
96.439
95.526
94.617
93.714
92.872
92.145
91.476
90.866
90.258
89.762
89.378
88.995
88.721
88.502
88.339
88.230
88.176
88.122
88.176
88.339
88.394
88.502
88.721
88.940
89.159
89.378
89.652
90.038
90.424
90.700
91.032
91.365
91.587
91.865
92.200
92.535
92.815
93.095
93.432
93.770
94.221
94.787
95.412
96.153
96.896
97.702
98.568
99.380
100.137
100.722
101.191
101.603
101.838
101.956
102.015
101.956
101.779
101.485
101.073
100.605
100.137
99.496
98.799
98.220
97.586
97.069
96.724
96.495
96.437
96.552
96.782
97.126
97.644
98.163
98.625
99.147
99.670
100.078
100.429
100.722
101.015
101.308
101.485
101.603
101.720
101.838
101.838
101.838
101.897
101.956
102.015
102.015
102.015
102.073
102.132
102.132
102.191
102.191
102.132
102.132
102.132
102.132
102.132
102.132
102.132
102.191
102.309
102.605
103.139
103.733
104.449
105.467
106.611
107.640
108.614
109.469
110.144
110.574
110.758
110.820
110.697
110.390
109.960
109.469
108.980
108.430
107.883
107.336
106.852
106.369
105.887
105.466
104.987
104.508
103.971
103.435
102.842
102.192
101.603
101.073
100.488
99.787
99.147
98.510
97.932
97.413
96.896
96.438
96.038
95.753
95.525
95.354
95.184
95.070
95.070
95.127
95.297
95.525
95.696
95.924
96.266
96.667
97.126
97.701
98.336
98.973
99.788
100.663
101.485
102.429
103.555
104.808
106.069
107.277
108.492
109.715
110.821
111.686
112.554
113.426
114.113
114.615
114.992
115.244
115.306
115.244
114.992
114.615
114.113
113.551
113.052
112.430
111.748
111.067
110.328
109.592
108.918
108.369
107.822
107.336
106.973
106.671
106.550
106.610
106.731
106.973
107.518
108.187
108.918
109.837
110.945
112.182
113.552
115.055
116.570
118.159
119.758
121.305
122.926
124.494
125.940
127.395
128.791
130.061
131.203
132.282
133.298
134.046
134.728
135.548
136.165
136.714
137.265
137.679
138.093
138.439
138.785
139.132
139.409
139.687
139.826
139.896
139.965
139.896
139.756
139.617
139.478
139.340
139.132
138.785
138.508
138.300
137.885
137.472
136.989
136.371
135.822
135.274
134.659
133.910
133.095
132.282
131.472
130.597
129.592
128.524
127.395
126.072
124.756
123.578
122.277
120.788
119.245
117.776
116.380
114.992
113.614
112.120
110.637
109.286
107.883
106.430
104.987
103.555
102.193
100.840
99.497
98.163
96.839
95.526
94.222
92.928
91.755
90.756
89.818
88.995
88.285
87.687
87.199
86.821
86.497
86.228
86.067
85.960
85.906
85.906
85.906
85.906
85.960
86.121
86.282
86.443
86.605
86.767
86.983
87.199
87.415
87.686
87.958
88.176
88.503
88.940
89.378
89.873
90.535
91.310
92.145
93.040
94.053
95.071
96.096
97.184
98.163
99.031
99.729
100.371
100.956
101.426
101.720
101.897
102.132
102.428
102.665
102.842
103.079
103.316
103.614
103.912
104.269
104.687
105.106
105.466
105.706
105.947
106.128
106.309
106.490
106.550
106.550
106.550
106.369
106.067
105.826
105.526
105.166
104.747
104.269
103.852
103.495
103.079
102.724
102.369
101.956
101.603
101.191
100.780
100.312
99.729
99.147
98.625
98.105
97.528
97.011
96.552
96.038
95.582
95.184
94.787
94.391
93.995
93.658
93.264
92.815
92.312
91.810
91.254
90.590
89.928
89.214
88.503
87.796
87.091
86.444
85.799
85.157
84.517
83.986
83.510
83.036
82.668
82.353
82.091
81.882
81.674
81.517
81.413
81.309
81.101
80.894
80.738
80.428
80.117
79.809
79.398
79.039
78.681
78.223
77.715
77.209
76.655
76.053
75.503
75.006
74.510
74.016
73.525
73.083
72.693
72.255
71.915
71.673
71.383
71.142
70.950
70.806
70.662
70.518
70.375
70.231
70.135
70.040
69.992
69.945
69.897
69.850
69.802
69.802
69.802
69.755
69.660
69.564
69.517
69.469
69.469
69.469
69.422
69.422
69.422
69.469
69.517
69.564
69.660
69.707
69.707
69.660
69.612
69.612
69.564
69.517
69.517
69.469
69.469
69.517
69.564
69.707
69.897
70.136
70.375
70.566
70.710
70.854
70.998
71.094
71.190
71.335
71.432
71.480
71.577
71.625
71.673
71.722
71.770
71.867
71.963
72.255
72.889
73.672
74.461
75.155
75.603
75.852
75.902
75.703
75.403
75.154
74.955
74.807
74.757
74.807
74.906
74.955
74.955
74.906
74.856
74.906
74.955
75.105
75.403
75.802
76.253
76.604
76.906
77.209
77.512
77.715
77.816
77.917
77.917
77.867
77.816
77.715
77.563
77.360
77.158
76.956
76.755
76.504
76.253
76.002
75.753
75.553
75.354
75.154
75.005
74.856
74.757
74.708
74.708
74.757
74.807
74.955
75.104
75.254
75.503
75.852
76.253
76.604
76.957
77.411
77.867
78.222
78.579
79.039
79.449
79.809
80.221
80.583
80.894
81.205
81.465
81.674
81.830
81.935
81.987
81.935
81.882
81.778
81.570
81.309
80.997
80.635
80.221
79.809
79.398
78.937
78.426
77.968
77.462
76.906
76.403
75.902
75.403
74.956
74.510
74.016
73.525
73.083
72.693
72.255
71.818
71.432
71.046
70.662
70.231
69.755
69.374
69.043
68.665
68.382
68.101
67.773
67.492
67.259
67.120
67.027
66.934
66.842
66.795
66.795
66.842
66.842
66.842
66.934
66.981
67.074
67.213
67.306
67.399
67.446
67.539
67.680
67.773
67.867
68.007
68.147
68.288
68.477
68.712
68.948
69.137
69.327
69.469
69.564
69.564
69.469
69.374
69.232
69.043
68.807
68.524
68.288
68.007
67.633
67.260
66.888
66.517
66.102
65.688
65.321
65.002
64.683
64.365
64.138
64.003
63.867
63.777
63.777
63.777
63.777
63.777
63.822
63.912
64.048
64.138
64.229
64.410
64.591
64.728
64.819
65.002
65.230
65.367
65.504
65.734
65.964
66.194
66.424
66.610
66.749
66.888
67.027
67.120
67.213
67.213
67.166
67.120
66.981
66.842
66.702
66.517
66.378
66.194
65.918
65.688
65.458
65.230
64.956
64.682
64.500
64.274
64.093
64.003
63.912
63.822
63.777
63.731
63.641
63.551
63.507
63.462
63.417
63.372
63.282
63.282
63.282
63.282
63.327
63.327
63.327
63.372
63.372
63.372
63.372
63.327
63.327
63.282
63.237
63.237
63.237
63.237
63.237
63.237
63.237
63.237
63.193
63.148
63.148
63.148
63.148
63.148
63.148
63.148
63.193
63.193
63.103
63.058
62.968
62.789
62.656
62.567
62.433
62.300
62.255
62.211
62.211
62.255
62.211
62.255
62.389
62.522
62.700
62.879
63.103
63.372
63.687
63.957
64.229
64.546
64.819
65.093
65.367
65.550
65.780
66.056
66.332
66.610
66.842
67.166
67.633
68.101
68.571
69.138
69.755
70.423
70.998
71.625
72.255
72.840
73.525
74.115
74.609
75.105
75.603
76.052
76.454
76.906
77.360
77.715
78.019
78.273
78.477
78.732
79.039
79.398
79.706
79.912
80.169
80.583
80.997
81.257
81.517
81.830
82.091
82.300
82.458
82.563
82.668
82.721
82.721
82.668
82.563
82.458
82.300
82.143
81.987
81.830
81.622
81.361
81.153
80.945
80.738
80.479
80.221
79.963
79.706
79.500
79.244
78.936
78.681
78.477
78.222
77.917
77.664
77.411
77.158
76.906
76.655
76.403
76.152
75.902
75.603
75.403
75.254
75.055
74.856
74.708
74.510
74.213
73.967
73.721
73.476
73.279
73.034
72.742
72.449
72.255
72.109
71.915
71.770
71.673
71.722
71.963
72.449
73.427
74.907
76.959
79.606
82.566
85.587
88.342
90.702
92.592
93.827
94.504
94.617
94.221
93.433
92.312
90.978
89.489
87.959
86.391
84.784
83.248
81.727
80.325
79.040
77.817
76.706
75.603
74.560
73.623
72.791
72.110
71.577
71.190
70.902
70.662
70.566
70.662
70.902
71.432
72.304
73.329
74.511
75.853
77.311
78.733
79.964
81.102
82.145
83.089
84.093
85.157
86.337
87.688
89.160
90.812
92.536
94.279
95.982
97.529
98.916
100.196
101.368
102.488
103.734
105.167
106.792
108.614
110.575
112.617
114.553
116.317
117.903
119.309
120.465
121.304
121.951
122.210
122.210
122.016
121.627
121.175
120.594
119.886
119.052
118.158
117.267
116.443
115.685
114.866
114.051
113.239
112.492
111.810
111.191
110.697
110.328
110.144
110.021
109.960
110.082
110.390
110.882
111.624
112.492
113.426
114.490
115.559
116.633
117.776
118.860
119.822
120.723
121.563
122.211
122.666
123.056
123.316
123.381
123.316
123.121
122.861
122.666
122.405
122.145
122.016
121.886
121.692
121.498
121.304
121.110
120.916
120.786
120.594
120.272
120.079
119.950
119.822
119.629
119.436
119.308
119.244
119.244
119.308
119.436
119.629
120.015
120.529
121.045
121.627
122.406
123.317
124.231
125.215
126.336
127.527
128.791
130.129
131.608
133.163
134.728
136.440
138.232
140.106
142.062
143.961
145.945
147.942
149.952
152.267
154.892
157.910
161.254
164.860
168.505
172.189
175.757
178.731
181.333
183.396
184.671
185.390
185.710
185.630
185.230
184.670
184.032
183.316
182.521
181.728
181.094
180.462
179.595
178.651
177.553
176.380
175.366
174.743
174.433
174.278
174.588
175.210
175.833
176.379
176.692
176.692
176.535
176.067
175.210
174.200
172.961
171.572
170.111
168.428
166.677
165.010
163.201
161.253
159.317
157.465
155.478
153.431
151.469
149.520
147.656
145.802
143.891
141.852
139.827
137.956
136.028
134.047
132.148
130.262
128.325
126.270
124.298
122.406
120.466
118.605
116.950
115.370
113.801
112.368
111.068
109.898
108.796
107.822
107.034
106.369
105.827
105.406
105.106
104.987
104.987
105.047
105.226
105.466
105.827
106.309
106.852
107.579
108.370
109.163
110.144
111.191
112.306
113.614
115.055
116.570
118.222
120.144
122.147
124.232
126.468
128.925
131.541
134.183
136.853
139.619
142.694
145.946
149.090
152.413
155.846
159.095
162.152
164.784
167.209
169.268
171.033
172.497
173.502
174.200
174.666
174.821
174.588
174.122
173.270
172.188
171.032
169.728
168.351
166.829
165.312
163.954
162.601
161.253
160.060
159.019
157.982
157.096
156.285
155.477
154.818
154.159
153.575
153.284
152.993
152.484
151.903
151.468
151.106
150.600
150.023
149.376
148.586
147.869
147.083
146.015
144.951
143.820
142.623
141.361
140.105
138.924
137.817
136.784
135.685
134.523
133.366
132.417
131.674
131.001
130.530
130.262
130.262
130.597
131.135
132.012
133.231
134.523
135.891
137.472
138.993
140.384
141.641
142.623
143.326
143.890
144.314
144.526
144.526
144.243
143.819
143.326
142.833
142.412
141.781
141.011
140.314
139.548
138.785
138.024
137.334
136.783
136.165
135.616
135.069
134.386
133.706
133.163
132.756
132.350
131.877
131.404
131.068
130.732
130.396
130.060
129.659
129.258
128.857
128.390
127.925
127.460
126.930
126.401
125.807
125.215
124.624
124.035
123.447
122.861
122.405
122.016
121.692
121.498
121.304
121.110
121.045
121.110
121.239
121.433
121.757
122.146
122.536
123.056
123.708
124.362
125.084
125.940
126.864
127.925
129.057
130.195
131.473
132.892
134.387
135.960
137.610
139.132
140.733
142.553
144.314
146.015
147.655
149.233
150.746
152.194
153.722
155.111
156.360
157.687
158.945
160.060
161.104
162.150
163.201
164.104
164.783
165.615
166.676
167.665
168.733
169.881
170.955
171.879
172.883
174.045
175.055
175.989
177.005
178.023
179.044
180.068
181.016
182.045
183.077
183.952
184.750
185.470
186.110
186.752
187.234
187.555
187.716
187.636
187.555
187.314
186.913
186.431
185.870
185.390
184.671
183.793
183.077
182.283
181.332
180.305
179.359
178.572
177.553
176.536
175.755
174.744
173.580
172.574
171.571
170.571
169.574
168.580
167.665
166.828
166.145
165.463
164.858
164.255
163.652
163.201
162.750
162.300
161.851
161.476
161.103
160.804
160.506
160.134
159.687
159.167
158.648
158.056
157.391
156.727
156.138
155.404
154.525
153.649
152.630
151.541
150.456
149.376
148.299
147.369
146.442
145.376
144.455
143.608
142.693
141.851
141.221
140.732
140.314
139.965
139.687
139.409
139.409
139.547
139.617
139.826
140.244
140.802
141.361
141.921
142.623
143.326
143.960
144.597
145.234
145.873
146.513
147.155
147.655
148.155
148.657
149.160
149.663
150.096
150.456
150.817
151.396
152.048
152.920
154.233
155.845
157.760
159.763
161.777
163.803
165.615
167.209
168.657
169.958
171.109
171.956
172.419
172.728
172.728
172.419
171.956
171.417
170.725
169.880
169.115
168.503
167.893
167.284
166.828
166.372
165.993
165.765
165.614
165.538
165.614
165.765
166.069
166.448
166.752
167.055
167.436
167.817
168.122
168.427
168.656
168.732
168.732
168.732
168.656
168.579
168.351
167.970
167.588
167.056
166.448
165.690
164.783
163.803
162.676
161.253
159.540
157.761
155.992
154.160
152.194
150.240
148.443
146.728
145.164
143.890
142.904
142.201
141.851
141.921
142.201
142.622
143.326
144.172
145.093
146.086
147.083
147.941
148.586
149.088
149.447
149.663
149.807
149.879
149.663
149.303
148.944
148.586
148.227
148.012
147.869
147.655
147.440
147.155
146.940
146.798
146.513
146.086
145.660
145.234
144.809
144.314
143.819
143.255
142.693
142.201
141.641
141.151
140.732
140.314
139.896
139.548
139.270
138.993
138.716
138.508
138.300
138.092
137.885
137.748
137.748
137.817
137.885
137.817
137.748
137.817
137.885
138.023
138.231
138.369
138.577
138.854
139.132
139.340
139.478
139.617
139.687
139.687
139.687
139.756
139.826
139.826
139.896
139.965
140.035
140.174
140.244
140.314
140.453
140.662
140.732
140.801
141.011
141.291
141.641
142.061
142.552
142.904
143.255
143.749
144.243
144.738
145.234
145.660
146.157
146.869
147.583
148.155
148.944
149.735
150.529
151.541
152.484
153.503
154.598
155.698
156.801
157.834
158.722
159.688
160.655
161.552
162.450
163.201
163.878
164.405
164.858
165.161
165.463
165.765
165.765
165.614
165.463
165.387
165.312
165.009
164.632
164.254
163.727
163.276
162.825
162.225
161.626
160.954
160.357
159.836
159.242
158.574
157.908
157.243
156.506
155.771
155.037
154.379
153.794
153.139
152.411
151.758
151.034
150.312
149.663
149.016
148.299
147.583
146.869
146.086
145.305
144.526
143.819
143.115
142.412
141.641
140.802
139.965
139.201
138.439
137.610
136.715
135.754
134.728
133.706
132.689
131.607
130.530
129.391
128.191
127.063
126.072
125.149
124.297
123.513
122.796
122.081
121.369
120.787
120.401
120.079
119.757
119.564
119.436
119.372
119.372
119.436
119.500
119.564
119.757
119.950
120.079
120.208
120.336
120.465
120.529
120.594
120.722
120.851
120.981
121.045
121.110
121.239
121.433
121.692
122.081
122.536
122.861
123.186
123.577
123.970
124.297
124.493
124.689
124.821
124.821
124.821
124.886
124.886
124.755
124.624
124.493
124.362
124.166
123.904
123.577
123.251
122.991
122.666
122.405
122.081
121.627
121.369
121.175
121.045
121.045
121.045
121.110
121.369
121.757
122.211
122.796
123.447
124.231
125.215
126.402
127.593
128.858
130.263
131.540
132.757
133.979
135.206
136.302
137.334
138.301
138.993
139.548
140.105
140.523
140.732
140.871
140.941
140.941
140.941
140.871
140.732
140.592
140.523
140.383
140.174
140.035
139.965
139.965
139.896
139.756
139.687
139.548
139.478
139.409
139.201
139.132
139.062
138.854
138.577
138.369
138.231
137.954
137.610
137.265
136.783
136.302
135.822
135.206
134.523
133.774
133.027
132.282
131.472
130.665
129.793
128.857
127.991
127.327
126.666
126.005
125.347
124.690
124.231
123.904
123.512
123.121
122.861
122.666
122.405
122.081
121.886
121.692
121.369
120.981
120.529
120.015
119.565
119.180
118.668
118.094
117.585
117.139
116.696
116.190
115.747
115.369
114.929
114.364
113.863
113.488
113.052
112.616
112.243
111.933
111.624
111.191
110.759
110.451
110.144
109.714
109.285
108.918
108.552
108.247
107.883
107.518
107.215
106.852
106.490
106.128
105.707
105.226
104.807
104.388
103.912
103.435
102.961
102.546
102.192
101.838
101.485
101.190
100.956
100.722
100.488
100.312
100.137
99.961
99.845
99.728
99.612
99.554
99.438
99.380
99.322
99.205
99.263
99.322
99.380
99.496
99.787
100.195
100.605
101.191
101.956
103.021
104.449
106.129
107.944
110.023
112.432
114.994
117.586
120.403
123.318
126.138
128.925
131.473
133.843
135.960
137.748
139.202
140.453
141.571
142.342
142.763
142.974
143.044
142.974
142.693
142.411
142.131
141.711
141.291
140.871
140.523
140.174
139.756
139.409
139.132
138.785
138.439
138.024
137.610
137.196
136.645
136.028
135.343
134.659
133.978
133.163
132.282
131.338
130.329
129.324
128.258
127.196
126.072
125.018
123.905
122.731
121.757
120.852
119.950
119.052
118.222
117.457
116.696
116.000
115.432
114.866
114.239
113.676
113.114
112.616
112.119
111.624
111.191
110.759
110.390
109.960
109.530
109.102
108.735
108.430
108.004
107.640
107.397
107.154
106.912
106.671
106.429
106.248
106.067
105.826
105.646
105.526
105.466
105.346
105.226
105.166
105.047
104.927
104.867
104.807
104.687
104.567
104.388
104.150
103.912
103.733
103.614
103.435
103.257
103.139
102.961
102.783
102.605
102.369
102.132
101.956
101.779
101.544
101.308
101.073
100.839
100.663
100.488
100.254
100.020
99.845
99.728
99.670
99.612
99.554
99.670
99.787
99.787
99.903
100.137
100.429
100.722
101.073
101.544
101.956
102.547
103.317
104.150
104.987
105.828
106.731
107.640
108.491
109.347
110.205
111.006
111.810
112.554
113.364
114.113
114.803
115.495
116.126
116.759
117.394
117.966
118.541
119.116
119.758
120.401
120.852
121.239
121.692
122.146
122.536
122.861
123.186
123.577
123.970
124.362
124.755
125.149
125.544
125.939
126.269
126.533
126.732
126.864
126.930
126.930
126.930
126.798
126.533
126.335
126.137
125.807
125.412
124.952
124.428
123.904
123.317
122.666
121.952
121.175
120.336
119.437
118.541
117.712
116.886
116.000
115.181
114.302
113.302
112.368
111.438
110.575
109.653
108.735
107.883
106.974
106.128
105.346
104.568
103.792
103.079
102.369
101.720
101.191
100.722
100.195
99.728
99.263
98.799
98.394
97.932
97.528
97.126
96.724
96.381
96.038
95.639
95.297
95.014
94.674
94.334
93.995
93.601
93.264
92.983
92.703
92.480
92.312
92.088
91.921
91.809
91.643
91.532
91.421
91.365
91.365
91.421
91.476
91.532
91.643
91.809
92.032
92.256
92.535
92.983
93.601
94.278
94.957
95.810
96.839
97.932
99.148
100.371
101.485
102.725
104.090
105.407
106.732
108.005
109.286
110.575
111.748
112.928
114.114
115.244
116.379
117.521
118.733
120.015
121.240
122.471
123.709
124.887
126.072
127.129
128.058
128.857
129.592
130.194
130.530
130.665
130.665
130.530
130.127
129.592
128.990
128.324
127.659
126.930
126.203
125.478
124.690
123.970
123.252
122.470
121.757
121.046
120.272
119.501
118.796
118.094
117.330
116.632
116.000
115.432
114.929
114.364
113.801
113.363
112.927
112.492
112.181
111.995
111.871
111.747
111.685
111.685
111.685
111.747
111.809
111.871
111.995
112.119
112.243
112.305
112.305
112.305
112.243
112.119
111.995
111.809
111.562
111.376
111.129
110.759
110.328
109.898
109.530
109.102
108.613
108.126
107.700
107.336
106.912
106.429
106.007
105.646
105.226
104.807
104.448
104.090
103.792
103.554
103.375
103.257
103.198
103.198
103.257
103.375
103.494
103.673
103.912
104.150
104.329
104.448
104.508
104.508
104.508
104.388
104.150
103.852
103.554
103.257
102.902
102.487
102.073
101.720
101.367
100.956
100.605
100.254
99.903
99.554
99.263
99.089
98.915
98.798
98.740
98.682
98.625
98.625
98.625
98.567
98.509
98.509
98.509
98.451
98.394
98.394
98.394
98.336
98.278
98.220
98.105
97.932
97.701
97.470
97.241
96.954
96.667
96.438
96.152
95.810
95.468
95.127
94.731
94.278
93.826
93.320
92.759
92.256
91.810
91.310
90.866
90.479
90.093
89.762
89.433
89.214
89.050
88.830
88.612
88.448
88.339
88.285
88.285
88.285
88.339
88.448
88.557
88.721
88.940
89.104
89.269
89.543
89.817
90.093
90.424
90.755
91.032
91.310
91.587
91.809
92.032
92.200
92.424
92.703
92.927
93.151
93.376
93.658
93.939
94.221
94.504
94.731
94.957
95.241
95.468
95.639
95.867
96.038
96.152
96.266
96.380
96.495
96.495
96.380
96.266
96.152
95.981
95.810
95.582
95.241
94.957
94.731
94.447
94.164
93.939
93.714
93.489
93.264
93.095
92.983
92.927
92.927
92.927
93.039
93.207
93.320
93.432
93.489
93.489
93.489
93.432
93.320
93.264
93.151
92.983
92.871
92.703
92.480
92.256
92.088
91.921
91.754
91.587
91.421
91.365
91.310
91.199
91.088
90.977
90.866
90.755
90.700
90.645
90.589
90.589
90.534
90.479
90.479
90.479
90.534
90.589
90.700
90.921
91.143
91.421
91.810
92.312
92.984
93.770
94.617
95.583
96.725
97.990
99.264
100.605
102.016
103.496
105.047
106.550
108.005
109.409
110.698
111.996
113.302
114.553
115.748
116.950
118.286
119.630
120.982
122.341
123.709
125.150
126.666
128.258
129.860
131.406
132.960
134.592
136.165
137.679
139.202
140.593
141.711
142.763
143.749
144.526
145.305
146.015
146.584
147.083
147.512
147.869
148.083
148.155
148.227
148.227
148.012
147.655
147.369
147.012
146.513
146.015
145.446
144.879
144.314
143.749
143.255
142.763
142.201
141.711
141.291
140.871
140.383
139.965
139.687
139.340
138.854
138.369
137.954
137.403
136.714
136.028
135.206
134.319
133.366
132.282
131.203
130.061
128.725
127.395
126.072
124.560
122.992
121.369
119.758
118.159
116.633
115.307
113.927
112.430
111.068
109.837
108.614
107.518
106.550
105.467
104.389
103.436
102.547
101.720
101.015
100.312
99.496
98.741
98.047
97.413
96.839
96.267
95.696
95.071
94.447
93.883
93.264
92.647
92.089
91.532
90.977
90.479
89.983
89.543
89.214
88.995
88.830
88.666
88.557
88.502
88.557
88.611
88.721
88.940
89.104
89.269
89.488
89.762
90.093
90.369
90.645
90.921
91.199
91.476
91.698
91.977
92.256
92.480
92.703
92.927
93.151
93.432
93.770
94.108
94.561
95.184
95.981
97.069
98.510
100.197
102.134
104.510
107.277
110.454
113.991
117.906
122.280
126.868
131.476
136.031
140.456
144.528
148.086
151.180
153.868
156.139
158.057
159.614
160.730
161.476
161.926
162.001
161.626
161.028
160.357
159.465
158.426
157.465
156.580
155.698
154.891
154.306
153.794
153.284
152.847
152.483
152.193
152.048
151.976
151.758
151.613
151.541
151.468
151.468
151.468
151.396
151.179
151.034
150.889
150.600
150.168
149.591
148.873
147.941
146.799
145.377
143.750
141.992
140.175
138.301
136.372
134.455
132.554
130.867
129.458
128.191
127.195
126.666
126.533
126.666
126.996
127.593
128.191
128.523
128.790
128.923
128.790
128.390
127.792
126.996
126.006
124.953
123.904
122.796
121.563
120.144
118.669
117.267
116.001
114.804
113.552
112.306
111.130
110.021
108.980
108.005
107.095
106.248
105.466
104.688
103.912
103.317
102.842
102.310
101.897
101.661
101.367
101.132
100.956
100.839
100.780
100.780
100.839
100.897
101.014
101.132
101.367
101.720
102.073
102.428
102.961
103.614
104.269
105.106
106.008
106.913
108.005
109.286
110.575
112.120
114.052
116.064
118.478
121.435
124.627
128.060
131.744
135.551
139.412
143.258
146.871
150.170
153.286
156.287
159.094
161.627
164.029
166.146
168.046
169.805
171.263
172.651
173.812
174.666
175.444
175.989
176.379
176.926
177.318
177.396
177.474
177.474
177.396
177.318
177.239
177.005
176.692
176.379
175.989
175.600
175.054
174.510
174.045
173.502
172.806
172.034
171.186
170.341
169.498
168.580
167.589
166.524
165.463
164.331
163.126
161.851
160.357
158.723
157.023
155.112
153.139
151.179
149.089
147.012
144.881
142.693
140.593
138.508
136.372
134.251
132.351
130.531
128.725
126.931
125.150
123.448
121.823
120.272
118.796
117.458
116.190
115.055
113.989
112.866
111.934
111.129
110.390
109.775
109.224
108.796
108.430
108.125
107.883
107.640
107.458
107.276
107.093
107.033
106.912
106.731
106.671
106.610
106.490
106.369
106.188
105.947
105.766
105.586
105.346
105.166
105.047
104.747
104.388
104.150
103.912
103.673
103.435
103.198
102.902
102.665
102.487
102.309
102.191
102.073
102.073
102.191
102.309
102.546
102.842
103.198
103.673
104.150
104.687
105.346
106.128
106.974
107.944
109.041
110.267
111.562
112.803
114.114
115.433
116.760
118.095
119.373
120.659
121.952
123.318
124.691
126.138
127.594
129.125
130.934
132.689
134.388
136.234
138.163
140.036
141.991
143.891
145.589
147.226
148.801
150.312
151.759
153.066
154.233
155.258
156.286
157.317
158.130
158.796
159.390
159.910
160.283
160.730
161.102
161.327
161.626
161.851
162.075
162.450
162.825
163.126
163.577
164.104
164.556
164.934
165.236
165.387
165.387
165.236
165.085
164.934
164.632
164.104
163.577
163.201
162.675
161.926
161.103
160.283
159.316
158.278
157.243
156.138
154.965
153.868
152.775
151.469
150.168
149.016
147.870
146.585
145.305
144.102
142.834
141.571
140.383
139.132
137.817
136.577
135.343
133.979
132.554
131.204
129.794
128.391
126.997
125.545
124.035
122.601
121.304
119.886
118.478
117.204
116.064
115.118
114.114
113.115
112.305
111.562
110.882
110.328
109.837
109.346
108.918
108.613
108.369
108.125
107.943
107.761
107.579
107.518
107.458
107.336
107.215
107.215
107.276
107.276
107.336
107.458
107.579
107.761
108.004
108.247
108.613
109.041
109.469
110.021
110.636
111.253
111.871
112.554
113.426
114.302
115.181
116.063
116.886
117.839
118.796
119.758
120.788
121.822
122.861
123.773
124.625
125.544
126.401
127.195
127.991
128.791
129.592
130.329
131.001
131.607
132.215
132.891
133.638
134.386
135.206
136.096
137.059
138.163
139.271
140.383
141.501
142.623
143.820
144.951
145.944
146.869
147.655
148.370
149.160
149.807
150.312
150.817
151.179
151.323
151.323
151.179
150.889
150.384
149.663
148.873
147.870
146.727
145.589
144.384
143.115
141.851
140.593
139.341
138.163
137.059
135.959
134.864
133.842
132.959
132.079
131.203
130.530
129.927
129.258
128.590
127.991
127.526
126.996
126.401
125.939
125.412
124.756
124.101
123.512
122.926
122.211
121.498
120.788
120.015
119.308
118.541
117.712
116.886
116.126
115.433
114.678
113.926
113.177
112.430
111.748
111.191
110.636
110.082
109.530
108.980
108.552
108.065
107.518
107.034
106.610
106.188
105.587
104.987
104.508
103.971
103.376
102.842
102.310
101.720
101.191
100.722
100.254
99.729
99.205
98.799
98.394
97.989
97.643
97.298
96.954
96.609
96.266
95.981
95.639
95.354
95.070
94.787
94.561
94.277
94.108
93.939
93.714
93.545
93.432
93.320
93.207
93.095
93.039
93.095
93.095
93.151
93.376
93.658
94.052
94.617
95.355
96.210
97.184
98.220
99.263
100.313
101.309
102.252
103.199
104.150
105.106
106.068
106.974
107.883
108.857
109.898
111.068
112.306
113.614
115.055
116.570
118.222
120.209
122.277
124.363
126.601
128.791
130.867
132.892
134.865
136.853
138.786
140.593
142.272
143.750
145.164
146.371
147.297
148.084
148.729
149.231
149.519
149.735
149.807
149.591
149.447
149.303
148.944
148.657
148.370
148.012
147.655
147.297
147.083
146.869
146.513
146.086
145.731
145.375
144.950
144.384
143.678
142.974
142.271
141.361
140.244
139.132
137.887
136.577
135.275
133.843
132.351
130.934
129.459
127.991
126.599
125.150
123.709
122.406
121.111
119.822
118.669
117.521
116.506
115.559
114.615
113.801
112.990
112.243
111.624
111.006
110.451
109.898
109.407
108.980
108.552
108.065
107.579
107.215
106.852
106.490
106.188
105.887
105.526
105.226
104.987
104.687
104.388
104.150
104.031
103.912
103.733
103.673
103.614
103.614
103.673
103.733
103.792
103.852
103.912
103.971
104.090
104.269
104.508
104.747
104.987
105.226
105.526
105.887
106.248
106.671
107.094
107.640
108.309
108.980
109.714
110.451
111.253
111.995
112.803
113.738
114.615
115.496
116.379
117.267
118.222
119.116
119.886
120.659
121.433
122.146
122.796
123.447
124.101
124.690
125.347
126.071
126.798
127.659
128.591
129.659
130.867
132.215
133.775
135.343
137.059
138.855
140.593
142.343
143.961
145.447
146.870
148.013
148.944
149.807
150.601
151.251
151.686
152.120
152.411
152.556
152.702
152.702
152.556
152.411
152.193
151.831
151.323
150.889
150.528
150.023
149.447
148.944
148.514
147.941
147.155
146.371
145.589
144.667
143.538
142.342
141.152
139.966
138.785
137.541
136.371
135.343
134.387
133.502
132.688
131.877
131.202
130.665
130.061
129.324
128.590
127.858
127.129
126.335
125.478
124.625
123.643
122.666
121.692
120.788
119.886
119.052
118.286
117.521
116.886
116.443
116.190
116.000
115.873
115.810
115.937
116.126
116.316
116.569
116.822
116.949
116.949
116.885
116.696
116.443
116.126
115.684
115.244
114.678
113.988
113.301
112.554
111.810
111.006
110.205
109.347
108.431
107.640
106.973
106.309
105.587
104.927
104.269
103.614
103.079
102.605
102.192
101.897
101.661
101.485
101.308
101.132
101.073
101.190
101.367
101.485
101.603
101.838
102.073
102.369
102.724
103.020
103.435
103.912
104.508
105.166
105.888
106.671
107.518
108.492
109.470
110.513
111.686
112.928
114.240
115.559
116.887
118.350
119.887
121.498
123.187
124.757
126.270
127.726
129.191
130.665
132.012
133.434
134.865
136.371
137.956
139.619
141.502
143.326
145.093
147.013
148.945
150.890
152.848
154.745
156.507
158.131
159.763
161.403
162.976
164.482
166.297
168.428
170.803
173.581
176.458
179.281
182.046
184.512
186.672
188.603
190.220
191.355
192.168
192.738
192.820
192.575
192.168
191.680
190.949
189.977
188.926
187.717
186.672
185.710
184.671
183.714
182.759
181.886
181.095
180.305
179.516
178.651
177.788
176.848
175.911
174.900
173.658
172.419
171.186
169.958
168.809
167.665
166.600
165.842
165.161
164.556
164.179
163.878
163.652
163.577
163.802
164.330
165.009
165.918
167.056
168.275
169.498
170.879
172.497
173.967
175.600
177.553
179.359
181.175
182.998
184.511
185.951
187.395
188.522
189.491
190.219
190.787
191.355
191.761
192.005
192.168
192.493
192.820
193.064
193.309
193.391
193.472
193.717
194.044
194.371
194.781
195.273
195.683
196.094
196.505
196.752
196.999
197.246
197.410
197.658
197.989
198.319
198.402
198.484
198.567
198.649
198.732
198.649
198.484
198.319
198.319
198.236
198.154
198.071
197.823
197.576
197.410
197.081
196.752
196.505
196.258
196.094
195.765
195.191
194.617
193.963
193.228
192.413
191.517
190.706
189.977
189.410
189.006
188.764
188.845
189.248
189.734
190.463
191.355
192.086
192.738
193.472
194.290
194.945
195.355
195.847
196.258
196.423
196.670
196.834
196.834
196.917
196.999
196.999
196.999
196.999
196.917
196.917
196.917
196.917
197.081
197.163
197.328
197.576
197.658
197.658
197.493
196.917
196.094
195.273
194.127
192.576
191.031
189.492
187.798
186.191
184.671
183.078
181.491
179.989
178.573
177.005
175.367
173.890
172.420
170.802
169.192
167.589
165.918
164.406
162.976
161.477
160.060
158.796
157.612
156.433
155.477
154.745
154.013
153.430
152.920
152.483
152.193
151.831
151.468
151.106
150.745
150.384
149.951
149.304
148.442
147.655
146.798
145.589
144.243
142.974
141.571
139.966
138.440
136.990
135.412
133.775
132.148
130.597
129.124
127.594
126.072
124.756
123.513
122.406
121.433
120.530
119.822
119.372
119.244
119.436
119.950
120.853
122.277
124.167
126.535
129.527
133.097
137.269
142.065
147.302
152.852
158.356
163.505
168.201
172.344
175.601
178.024
179.832
181.095
181.807
181.966
181.807
181.569
181.411
181.252
181.331
181.569
182.045
182.839
183.793
184.910
186.031
187.234
188.442
189.572
190.625
191.599
192.494
193.146
193.636
194.044
194.453
194.781
195.109
195.437
195.519
195.683
195.929
196.094
196.258
196.341
196.341
196.423
196.505
196.505
196.423
196.423
196.423
196.341
196.258
196.094
195.929
195.847
195.765
195.682
195.601
195.437
195.355
195.355
195.355
195.355
195.273
195.109
195.027
194.945
194.781
194.453
193.881
193.146
192.087
190.706
189.007
187.074
185.150
183.078
180.858
178.651
176.380
174.278
172.265
170.188
168.199
166.297
164.557
163.051
161.552
160.060
158.871
157.834
157.022
156.506
156.359
156.579
157.022
157.686
158.426
159.093
159.687
160.134
160.208
160.059
159.836
159.316
158.500
157.539
156.360
154.965
153.576
152.122
150.529
149.017
147.655
146.371
145.164
144.102
143.115
142.201
141.361
140.592
139.896
139.201
138.508
137.885
137.265
136.577
135.890
135.274
134.591
133.910
133.366
132.823
132.485
132.282
131.944
131.809
131.877
131.944
132.079
132.282
132.552
132.823
133.163
133.638
134.114
134.659
135.274
135.959
136.576
137.127
137.748
138.231
138.785
139.409
140.035
140.872
141.921
143.044
144.173
145.518
147.013
148.586
150.240
151.759
153.285
154.745
156.139
157.539
158.945
160.283
161.477
162.676
163.954
165.388
167.133
169.269
171.726
174.356
177.163
179.832
182.284
184.671
186.672
188.522
190.220
191.517
192.657
193.554
194.372
195.027
195.355
195.765
196.094
196.176
196.258
196.258
196.094
195.847
195.437
194.699
193.636
192.250
190.463
188.201
185.551
182.601
179.439
176.069
172.576
168.888
165.087
161.404
157.541
153.651
149.882
146.230
142.625
139.133
135.893
132.758
129.727
126.866
124.233
121.823
119.566
117.458
115.622
114.052
112.617
111.315
110.267
109.408
108.674
108.126
107.640
107.215
106.912
106.550
106.128
105.767
105.346
104.927
104.568
104.150
103.673
103.139
102.605
102.133
101.720
101.308
100.780
100.312
99.904
99.438
98.973
98.567
98.220
97.932
97.701
97.528
97.413
97.298
97.183
97.183
97.241
97.241
97.298
97.356
97.413
97.528
97.528
97.528
97.585
97.528
97.470
97.413
97.241
97.011
96.782
96.609
96.324
95.981
95.639
95.241
94.900
94.504
94.108
93.714
93.376
93.095
92.703
92.312
92.032
91.809
91.532
91.254
91.088
90.921
90.755
90.755
90.755
90.700
90.755
90.810
90.866
90.977
91.143
91.421
91.810
92.144
92.480
92.871
93.320
93.826
94.221
94.561
94.900
95.184
95.468
95.753
95.924
96.095
96.323
96.495
96.667
96.782
96.839
96.954
97.011
96.954
96.839
96.667
96.438
96.095
95.696
95.298
94.844
94.447
94.052
93.601
93.320
93.095
92.815
92.591
92.424
92.368
92.368
92.424
92.480
92.480
92.535
92.591
92.703
92.815
92.815
92.759
92.759
92.759
92.647
92.591
92.591
92.535
92.535
92.647
92.703
92.871
93.039
93.151
93.320
93.432
93.601
93.770
93.939
94.108
94.221
94.391
94.391
94.221
94.108
93.995
93.883
93.714
93.489
93.320
93.151
92.927
92.703
92.480
92.256
91.977
91.809
91.698
91.476
91.310
91.199
91.032
90.810
90.589
90.369
90.148
89.872
89.488
89.159
88.776
88.230
87.741
87.199
86.605
85.960
85.317
84.677
84.092
83.563
82.931
82.353
81.830
81.361
80.842
80.273
79.757
79.193
78.630
78.121
77.614
77.108
76.655
76.303
75.952
75.453
75.055
74.757
74.411
74.115
73.868
73.770
73.721
73.770
74.016
74.362
74.857
75.503
76.404
77.513
78.835
80.481
82.250
84.147
86.176
88.177
90.039
91.811
93.490
94.958
96.325
97.587
98.742
99.905
100.957
101.956
103.139
104.629
106.249
107.883
109.531
111.130
112.741
114.240
115.622
116.887
118.095
119.181
120.079
120.852
121.369
121.821
122.210
122.470
122.666
122.796
122.796
122.601
122.275
121.951
121.563
121.045
120.465
119.822
119.244
118.668
117.967
117.267
116.632
116.000
115.369
114.740
114.113
113.426
112.616
111.871
111.191
110.513
109.837
109.102
108.309
107.518
106.792
106.008
105.346
104.747
104.090
103.495
102.961
102.487
102.015
101.661
101.308
100.956
100.605
100.137
99.670
99.205
98.741
98.220
97.644
97.011
96.381
95.753
95.127
94.504
93.883
93.320
92.815
92.368
91.977
91.643
91.421
91.254
91.088
91.032
91.032
91.032
91.088
91.199
91.254
91.254
91.254
91.199
91.143
91.032
90.755
90.479
90.148
89.708
89.269
88.830
88.339
87.850
87.307
86.713
86.121
85.477
84.837
84.199
83.563
82.931
82.301
81.726
81.205
80.635
80.015
79.449
78.937
78.375
77.816
77.310
76.755
76.203
75.653
75.155
74.757
74.362
74.016
73.770
73.623
73.574
73.672
73.868
74.115
74.411
74.757
75.204
75.703
76.203
76.705
77.209
77.664
78.070
78.528
78.885
79.141
79.449
79.757
80.014
80.272
80.531
80.738
80.997
81.257
81.465
81.674
81.882
82.039
82.143
82.248
82.353
82.458
82.510
82.510
82.563
82.563
82.510
82.510
82.458
82.405
82.405
82.353
82.300
82.300
82.300
82.300
82.405
82.510
82.616
82.773
82.931
83.088
83.246
83.457
83.616
83.722
83.775
83.828
83.828
83.722
83.669
83.510
83.246
83.036
82.721
82.405
82.144
81.778
81.361
80.945
80.583
80.272
79.963
79.655
79.295
78.936
78.630
78.375
78.171
77.968
77.816
77.715
77.563
77.462
77.411
77.310
77.310
77.310
77.310
77.360
77.462
77.563
77.664
77.765
77.917
78.069
78.120
78.222
78.273
78.375
78.426
78.426
78.477
78.426
78.324
78.171
77.968
77.664
77.360
77.108
76.755
76.353
76.002
75.703
75.403
75.154
75.005
74.856
74.659
74.510
74.411
74.411
74.411
74.362
74.411
74.609
74.807
74.955
75.154
75.403
75.703
76.103
76.554
76.906
77.259
77.715
78.172
78.579
79.039
79.552
80.066
80.531
81.050
81.674
82.301
82.984
83.722
84.518
85.425
86.336
87.254
88.122
89.050
90.148
91.255
92.368
93.545
94.787
96.096
97.357
98.510
99.613
100.546
101.426
102.251
102.961
103.554
104.150
104.807
105.466
106.188
106.913
107.822
108.980
110.329
112.058
114.177
116.761
119.952
123.712
127.862
132.082
136.305
140.526
144.386
147.656
150.385
152.557
154.014
154.745
155.110
155.037
154.525
153.649
152.484
151.180
149.520
147.656
145.731
143.679
141.641
139.549
137.404
135.344
133.231
131.204
129.325
127.395
125.479
123.644
121.888
120.080
118.350
116.697
115.055
113.489
111.996
110.514
109.041
107.762
106.550
105.287
104.090
103.020
102.074
101.250
100.488
99.729
98.915
98.220
97.586
97.011
96.609
96.266
95.924
95.753
95.696
95.696
95.810
95.924
96.152
96.438
96.782
97.183
97.586
98.047
98.394
98.683
98.915
99.147
99.322
99.380
99.554
99.612
99.554
99.496
99.380
99.147
98.857
98.625
98.394
98.047
97.643
97.183
96.724
96.324
95.867
95.468
95.127
94.844
94.617
94.447
94.391
94.504
94.674
94.957
95.525
96.267
97.299
98.742
100.489
102.667
105.228
107.885
110.514
112.928
114.993
116.570
117.585
118.157
118.094
117.394
116.379
115.055
113.489
111.749
109.960
108.249
106.611
105.166
103.971
103.079
102.428
102.015
101.897
102.015
102.310
102.783
103.317
104.031
104.927
105.828
106.731
107.640
108.614
109.469
110.267
111.129
111.871
112.678
113.801
115.181
116.950
119.246
122.083
125.415
128.993
132.691
136.373
139.758
142.835
145.448
147.512
149.233
150.529
151.468
152.120
152.265
152.120
151.831
151.323
150.601
149.664
148.657
147.512
146.158
144.739
143.256
141.711
140.174
138.647
137.059
135.344
133.639
132.012
130.396
128.791
127.262
125.808
124.429
123.122
121.887
120.788
119.694
118.605
117.585
116.696
116.000
115.306
114.553
113.863
113.239
112.678
112.181
111.624
111.129
110.759
110.328
109.898
109.469
108.980
108.613
108.248
107.822
107.397
106.973
106.550
106.128
105.826
105.526
105.166
104.867
104.627
104.388
104.150
103.971
103.852
103.673
103.554
103.435
103.316
103.316
103.375
103.435
103.435
103.435
103.435
103.375
103.316
103.257
103.139
102.961
102.724
102.487
102.309
102.132
102.015
102.073
102.191
102.309
102.487
102.783
103.079
103.316
103.494
103.614
103.733
103.852
103.912
103.912
103.971
104.210
104.508
104.807
105.226
105.827
106.550
107.337
108.370
109.715
111.192
112.679
114.365
116.127
117.903
119.759
121.563
123.318
124.953
126.402
127.593
128.658
129.659
130.463
131.135
131.742
132.282
132.756
133.298
133.910
134.591
135.343
136.096
137.059
138.163
139.410
140.803
142.413
144.244
146.157
148.085
150.024
152.049
154.014
155.772
157.391
159.093
160.656
161.851
162.976
164.029
164.783
165.387
165.917
166.221
166.372
166.221
165.615
164.934
164.104
162.976
161.701
160.209
158.575
156.875
155.185
153.431
151.541
149.736
147.870
145.944
143.891
141.782
139.757
137.680
135.617
133.571
131.540
129.393
127.262
125.216
123.187
121.176
119.245
117.458
115.749
114.052
112.430
110.945
109.470
108.005
106.611
105.347
104.150
103.020
102.074
101.309
100.605
99.962
99.322
98.741
98.336
97.989
97.701
97.470
97.241
97.126
97.069
96.954
96.896
96.896
96.839
96.839
96.896
96.954
97.011
97.011
97.011
97.011
97.011
96.954
96.896
96.896
96.896
96.896
96.896
96.954
97.069
97.241
97.356
97.413
97.643
97.932
98.105
98.336
98.625
98.857
99.147
99.554
100.020
100.429
100.839
101.308
101.779
102.369
103.079
103.733
104.449
105.166
105.767
106.369
107.034
107.700
108.370
109.102
110.021
111.130
112.244
113.364
114.553
115.685
116.760
117.967
119.245
120.530
121.757
122.796
123.708
124.756
125.874
126.864
127.792
128.657
129.458
130.329
131.270
132.282
133.366
134.523
135.685
136.784
138.025
139.271
140.523
141.851
142.904
143.678
144.384
144.879
145.163
145.304
145.163
144.809
144.243
143.467
142.553
141.571
140.523
139.479
138.439
137.403
136.440
135.412
134.387
133.434
132.553
131.809
131.202
130.530
129.793
128.991
127.925
126.798
125.808
124.822
123.774
122.731
121.692
120.595
119.565
118.668
117.712
116.760
115.937
115.055
114.114
113.239
112.430
111.686
110.944
110.267
109.775
109.346
108.857
108.369
107.822
107.336
106.852
106.369
105.947
105.526
105.226
105.106
105.106
105.106
105.166
105.286
105.526
105.826
106.067
106.369
106.671
106.912
107.154
107.336
107.458
107.518
107.518
107.518
107.458
107.276
107.033
106.731
106.429
106.007
105.586
105.226
104.747
104.269
103.852
103.435
103.079
102.665
102.250
102.073
101.956
101.838
101.720
101.661
101.720
101.779
101.838
101.956
102.073
102.250
102.428
102.665
102.902
103.079
103.257
103.435
103.614
103.733
103.852
103.971
104.090
104.210
104.448
104.687
104.987
105.526
106.128
106.853
107.761
108.857
110.082
111.253
112.554
113.989
115.433
116.887
118.478
120.208
121.952
123.840
125.874
128.059
130.465
133.232
136.235
139.481
143.047
146.872
150.820
154.894
159.170
163.278
167.134
170.649
173.736
176.537
178.887
180.621
181.966
182.838
183.236
183.236
182.759
182.045
181.174
180.147
179.201
178.180
177.005
175.911
174.977
174.122
173.270
172.497
171.725
171.109
170.418
169.727
169.115
168.351
167.588
166.828
165.993
165.009
163.953
162.751
161.477
160.060
158.427
156.802
155.112
153.358
151.614
149.664
147.656
145.660
143.538
141.362
139.133
136.853
134.592
132.418
130.195
127.926
125.743
123.643
121.628
119.758
117.968
116.316
114.804
113.302
111.934
110.637
109.408
108.309
107.276
106.369
105.527
104.628
103.852
103.257
102.605
102.015
101.544
101.073
100.722
100.371
100.020
99.728
99.438
99.205
99.031
98.915
98.741
98.567
98.451
98.336
98.220
98.163
98.105
98.105
98.105
98.105
98.163
98.163
98.163
98.220
98.336
98.509
98.682
98.798
98.973
99.263
99.554
99.904
100.371
100.839
101.308
101.720
102.133
102.665
103.198
103.673
104.269
105.047
105.827
106.610
107.701
109.041
110.452
112.058
113.990
116.064
118.159
120.466
122.732
124.888
127.063
129.192
131.271
133.299
135.412
137.611
139.897
142.343
145.023
147.799
150.602
153.504
156.508
159.466
162.301
165.011
167.437
169.651
171.726
173.580
175.211
176.614
177.788
178.808
179.674
180.305
180.778
181.490
182.124
182.521
182.997
183.316
183.316
183.156
182.997
182.521
181.649
180.699
179.753
178.573
177.161
175.678
174.045
172.265
170.342
168.275
166.145
163.954
161.627
159.243
156.875
154.453
151.977
149.448
147.013
144.669
142.272
139.897
137.542
135.207
132.960
130.800
128.725
126.667
124.560
122.536
120.659
118.861
117.077
115.496
113.989
112.430
111.068
109.776
108.553
107.458
106.369
105.346
104.389
103.495
102.724
102.015
101.367
100.839
100.371
99.904
99.554
99.263
98.973
98.798
98.625
98.509
98.509
98.567
98.625
98.741
98.915
99.089
99.322
99.670
100.078
100.429
100.780
101.073
101.426
101.779
102.073
102.369
102.605
102.902
103.257
103.435
103.494
103.614
103.614
103.554
103.554
103.494
103.375
103.257
103.198
103.257
103.375
103.554
103.852
104.329
104.987
105.767
106.671
107.762
109.102
110.575
112.120
113.739
115.370
117.014
118.733
120.530
122.277
123.840
125.413
126.931
128.191
129.525
130.732
131.742
132.892
134.047
135.343
136.922
138.578
140.524
142.976
145.590
148.300
151.253
154.381
157.540
160.583
163.578
166.450
169.269
172.112
174.822
177.319
179.675
181.728
183.555
185.070
186.191
187.315
188.200
188.764
189.087
189.248
189.167
188.925
188.683
188.200
187.556
186.913
186.270
185.630
184.990
184.351
183.634
182.839
182.124
181.332
180.305
179.201
177.945
176.458
174.978
173.271
171.341
169.421
167.437
165.237
162.976
160.731
158.427
156.066
153.650
151.252
148.874
146.656
144.386
141.992
139.688
137.473
135.344
133.231
131.136
129.125
127.064
125.084
123.253
121.434
119.694
118.095
116.633
115.307
114.052
112.741
111.500
110.390
109.225
108.187
107.337
106.490
105.647
104.807
104.031
103.376
102.724
102.074
101.603
101.191
100.839
100.546
100.195
99.903
99.670
99.380
99.147
98.973
98.798
98.682
98.625
98.625
98.682
98.857
99.089
99.438
99.845
100.312
100.839
101.367
102.015
102.724
103.555
104.509
105.527
106.792
108.310
110.022
111.996
114.240
116.697
119.246
121.888
124.626
127.395
130.062
132.621
135.207
137.680
140.036
142.483
144.809
147.013
149.376
151.832
154.234
156.654
159.168
161.627
163.803
165.918
168.046
169.958
171.726
173.271
174.511
175.444
176.145
176.613
176.848
177.005
177.005
176.770
176.457
176.145
175.755
175.210
174.743
174.278
173.580
172.806
171.957
170.879
169.727
168.504
167.057
165.464
163.728
161.776
159.837
157.909
155.845
153.795
151.687
149.520
147.370
145.164
143.045
140.942
138.717
136.647
134.660
132.621
130.598
128.525
126.534
124.625
122.796
120.982
119.181
117.521
115.938
114.428
112.866
111.377
110.021
108.736
107.519
106.369
105.286
104.270
103.377
102.605
101.897
101.191
100.546
99.788
98.973
98.278
97.529
96.839
96.210
95.525
94.844
94.165
93.489
92.759
92.089
91.532
91.032
90.534
90.038
89.598
89.214
88.885
88.557
88.230
87.904
87.632
87.415
87.145
86.929
86.767
86.605
86.497
86.443
86.497
86.497
86.443
86.497
86.551
86.605
86.659
86.659
86.659
86.713
86.713
86.713
86.821
86.875
86.929
87.037
87.145
87.307
87.524
87.741
88.013
88.285
88.502
88.830
89.269
89.708
90.258
90.922
91.643
92.535
93.545
94.674
95.924
97.241
98.568
99.963
101.309
102.606
103.971
105.226
106.429
107.458
108.309
109.225
110.144
111.006
111.872
112.803
113.863
114.992
116.190
117.521
119.052
120.788
122.601
124.560
126.799
129.259
131.811
134.456
137.267
140.176
143.117
146.017
148.802
151.542
154.088
156.359
158.649
160.880
162.901
164.783
166.524
168.199
169.805
171.263
172.651
173.734
174.588
175.366
176.145
176.770
177.005
177.083
177.005
176.848
176.535
176.067
175.444
174.666
173.812
172.883
171.803
170.572
169.192
167.665
165.994
164.331
162.601
160.582
158.501
156.434
154.306
152.267
150.169
147.942
145.873
143.820
141.782
139.688
137.542
135.412
133.231
131.069
128.991
126.997
125.019
122.992
121.046
119.181
117.394
115.749
114.115
112.492
111.006
109.592
108.188
106.914
105.828
104.808
103.674
102.665
101.838
101.015
100.196
99.380
98.568
97.759
97.011
96.381
95.753
95.184
94.674
94.165
93.770
93.376
92.983
92.703
92.480
92.312
92.144
91.976
91.865
91.754
91.643
91.532
91.476
91.476
91.421
91.365
91.365
91.421
91.476
91.643
91.921
92.256
92.759
93.432
94.335
95.526
96.954
98.568
100.372
102.252
104.271
106.491
108.737
110.945
113.177
115.244
117.204
119.117
120.982
122.796
124.428
126.072
127.660
129.258
130.867
132.418
133.911
135.412
137.128
138.855
140.523
142.202
143.820
145.377
146.870
148.228
149.376
150.456
151.396
152.194
152.993
153.722
154.525
155.404
156.212
157.096
158.130
159.019
159.985
161.178
162.300
163.201
164.029
164.934
165.690
166.372
167.132
167.741
168.122
168.503
168.808
168.962
169.038
168.962
168.808
168.579
168.351
168.046
167.665
167.208
166.600
165.917
165.161
164.405
163.577
162.526
161.328
160.134
158.871
157.539
156.139
154.599
153.066
151.613
150.024
148.299
146.585
144.951
143.327
141.571
139.897
138.301
136.578
134.865
133.298
131.742
130.128
128.591
127.063
125.479
124.035
122.731
121.433
120.079
118.796
117.712
116.696
115.748
114.929
114.176
113.364
112.616
111.934
111.253
110.636
110.021
109.469
108.980
108.552
108.186
107.883
107.640
107.397
107.215
107.154
107.093
107.033
107.093
107.215
107.397
107.700
108.065
108.430
108.857
109.531
110.452
111.438
112.554
113.926
115.496
117.204
119.245
121.499
123.775
126.271
128.992
131.743
134.525
137.474
140.455
143.398
146.230
148.802
151.180
153.357
155.258
156.875
158.353
159.613
160.730
161.776
162.675
163.426
164.028
164.556
165.085
165.614
166.145
166.828
167.360
167.741
168.351
169.115
169.880
170.725
171.494
172.265
173.270
174.355
175.522
176.849
178.338
179.832
181.412
183.078
184.671
186.271
187.798
189.411
190.950
192.413
193.636
194.617
195.766
196.670
197.411
198.236
199.063
199.726
200.141
200.390
200.473
200.473
200.141
199.477
198.732
197.906
196.917
195.766
194.536
193.146
191.680
190.058
188.280
186.432
184.512
182.681
181.016
179.123
177.005
175.211
173.503
171.726
170.188
168.657
167.057
165.540
163.954
162.376
160.880
159.465
158.131
156.949
155.918
154.891
154.086
153.357
152.629
151.903
151.179
150.672
150.240
149.879
149.591
149.447
149.447
149.447
149.447
149.591
149.879
150.168
150.456
150.672
150.889
151.323
151.758
152.048
152.484
152.920
153.211
153.575
154.013
154.452
154.891
155.330
155.698
156.212
156.727
157.169
157.612
157.982
158.426
158.945
159.464
160.134
160.879
161.551
162.300
163.050
163.878
164.632
165.236
165.917
166.828
167.817
168.580
169.344
170.187
170.955
171.648
172.342
173.115
174.045
175.211
176.458
177.788
179.123
180.305
181.491
182.680
183.714
184.591
185.470
186.270
186.993
187.636
188.361
189.249
190.138
191.030
192.169
193.391
194.536
195.930
197.247
198.319
199.478
200.723
201.721
202.638
203.307
203.725
203.975
204.227
204.647
204.982
205.486
206.328
207.339
208.184
209.031
209.879
210.473
211.324
212.091
212.775
213.544
214.058
214.658
215.345
215.947
216.550
216.981
217.412
218.017
218.623
219.142
219.662
220.444
221.139
221.574
222.010
222.621
223.407
224.107
224.984
226.214
227.446
228.682
230.010
231.431
232.855
234.283
235.626
236.883
238.052
238.592
238.502
238.142
237.692
236.883
235.895
234.999
234.104
233.747
233.925
234.194
234.372
234.551
234.641
234.551
234.551
234.730
234.819
234.730
234.462
234.194
233.836
233.389
232.854
232.142
231.519
230.808
230.010
229.213
228.329
227.446
226.477
225.422
224.545
223.495
222.185
221.139
220.183
219.229
218.450
217.758
216.981
216.205
215.689
215.259
214.830
214.401
214.058
213.886
213.630
213.373
213.117
212.945
212.945
212.860
212.689
212.518
212.347
212.091
211.921
211.750
211.495
211.410
211.410
211.324
211.069
210.983
210.983
210.728
210.473
210.303
210.218
210.218
210.218
210.388
210.643
211.069
211.750
212.604
213.630
214.658
215.776
217.154
218.623
220.009
221.401
222.709
224.020
225.159
226.214
227.446
228.505
229.390
230.187
230.897
231.519
232.053
232.409
232.676
232.854
232.854
233.033
233.211
233.211
233.211
233.211
233.211
233.122
233.211
233.657
234.283
234.998
235.805
236.973
238.413
239.856
241.214
242.484
243.758
244.943
245.856
246.588
247.138
247.321
247.412
247.412
247.138
246.679
245.948
245.125
244.304
243.302
242.302
241.214
239.947
238.593
236.973
235.089
233.123
230.987
228.682
226.390
224.020
221.749
219.663
217.672
215.776
214.059
212.604
211.239
209.964
208.946
208.100
207.255
206.496
205.739
204.982
204.227
203.474
202.638
201.804
201.055
200.224
199.395
198.649
197.989
197.329
196.834
196.258
195.765
195.519
195.273
195.027
194.781
194.617
194.535
194.535
194.617
194.863
195.109
195.191
195.355
195.601
195.765
195.929
196.094
196.258
196.341
196.341
196.258
196.258
196.176
196.094
196.012
195.765
195.519
195.273
195.027
194.699
194.290
193.962
193.799
193.636
193.554
193.472
193.472
193.636
193.880
194.126
194.371
194.617
194.863
195.191
195.437
195.765
196.176
196.505
196.752
196.917
196.999
197.163
197.246
197.246
197.328
197.328
197.410
197.410
197.328
197.246
197.328
197.410
197.246
197.081
196.752
196.423
196.176
195.765
195.355
195.027
194.781
194.617
194.371
194.126
193.962
193.717
193.228
192.656
192.249
191.843
191.192
190.462
189.734
189.006
188.280
187.636
187.073
186.351
185.470
184.750
184.192
183.475
182.759
182.124
181.490
180.936
180.462
179.989
179.516
179.201
178.965
178.572
178.101
177.866
177.709
177.318
177.005
176.770
176.535
176.379
176.301
176.223
176.067
175.833
175.522
175.288
175.054
174.666
174.355
174.122
173.812
173.579
173.270
172.806
172.419
172.110
171.879
171.648
171.494
171.417
171.263
171.186
171.109
171.032
171.032
171.109
171.186
171.263
171.340
171.340
171.340
171.417
171.494
171.494
171.494
171.494
171.494
171.571
171.648
171.571
171.571
171.494
171.263
171.263
171.417
171.571
171.648
171.648
171.648
171.571
171.494
171.340
171.109
170.802
170.494
170.264
169.880
169.498
169.191
168.809
168.427
168.046
167.588
167.208
166.828
166.448
166.145
165.766
165.387
165.085
164.858
164.556
164.330
164.254
164.178
164.254
164.481
164.783
165.236
165.917
166.676
167.512
168.504
169.498
170.341
171.109
171.802
172.497
173.037
173.424
173.734
174.045
174.433
174.666
174.977
175.366
175.755
176.301
177.083
177.866
178.730
179.989
181.570
183.475
185.711
188.282
191.194
194.127
197.165
200.225
202.890
205.319
207.509
209.370
211.070
212.433
213.373
214.315
215.088
215.431
215.689
216.033
216.291
216.550
216.636
216.722
216.895
216.981
216.981
216.895
216.981
216.981
216.809
216.550
216.033
215.345
214.487
213.202
211.580
210.049
208.354
206.244
204.396
202.806
201.055
199.478
198.154
196.752
195.601
194.699
193.718
192.738
191.680
190.625
189.653
188.603
187.395
186.191
185.150
184.112
183.077
182.124
181.253
180.462
179.831
179.201
178.651
178.258
177.787
177.396
177.161
177.005
177.005
177.083
177.161
177.318
177.474
177.866
178.337
178.651
179.044
179.437
179.752
180.068
180.383
180.699
181.015
181.411
181.886
182.283
182.600
182.918
183.236
183.475
183.634
183.793
184.032
184.271
184.510
184.910
185.230
185.630
186.110
186.511
186.993
187.475
187.958
188.522
189.249
190.138
191.111
192.250
193.554
194.945
196.423
197.906
199.478
201.055
202.388
203.642
204.982
206.328
207.677
209.031
210.304
211.495
212.604
213.630
214.487
215.174
215.775
216.205
216.464
216.550
216.550
216.378
216.033
215.775
215.431
215.002
214.744
214.315
213.886
213.544
213.288
213.117
212.774
212.433
212.091
211.750
211.410
210.983
210.643
210.388
210.049
209.624
209.200
208.776
208.438
208.100
207.846
207.761
207.508
207.002
206.412
206.075
205.822
205.402
205.150
205.066
204.815
204.563
204.479
204.479
204.479
204.479
204.563
204.563
204.647
204.898
205.150
205.402
205.738
206.075
206.328
206.749
207.170
207.677
208.269
208.607
208.861
209.030
209.115
209.200
209.115
208.945
208.776
208.607
208.269
208.015
207.761
207.339
206.917
206.496
206.075
205.738
205.486
205.066
204.731
204.395
204.227
204.060
203.474
203.056
202.805
202.221
201.638
201.305
200.971
200.639
200.307
199.975
199.809
199.726
199.560
199.560
199.643
199.726
199.975
200.307
200.722
201.221
201.721
202.304
203.139
203.976
204.815
205.570
206.243
207.086
207.846
208.607
209.539
210.473
211.495
212.518
213.459
214.315
215.174
216.119
216.895
217.585
218.190
218.709
219.142
219.488
219.836
220.183
220.444
220.530
220.617
220.791
220.965
220.965
220.791
220.704
220.791
220.791
220.704
220.704
220.617
220.530
220.444
220.357
220.357
220.444
220.530
220.357
220.357
220.444
220.791
221.487
222.272
223.757
225.950
228.418
231.253
234.373
237.333
240.128
242.848
245.125
246.771
248.055
249.066
249.802
249.986
249.617
248.882
247.871
246.679
245.399
244.213
243.029
241.849
240.309
239.043
238.232
237.242
236.523
235.805
234.909
234.104
233.390
232.676
232.053
231.341
230.631
230.276
230.009
229.832
229.744
229.478
229.036
228.859
228.682
228.328
228.151
228.063
227.887
227.446
227.094
227.006
226.829
226.477
226.125
225.774
225.422
225.335
225.247
224.983
224.896
224.720
224.457
224.107
223.582
222.883
221.923
220.792
219.662
218.363
216.809
215.260
213.802
212.263
210.814
209.540
208.100
206.833
205.739
204.563
203.557
202.722
202.054
201.471
200.971
200.556
200.141
199.809
199.560
199.560
199.560
199.477
199.560
199.643
199.560
199.560
199.477
199.312
199.395
199.477
199.477
199.395
199.312
199.395
199.560
199.643
199.809
199.975
199.975
200.141
200.390
200.473
200.556
200.805
200.971
201.055
201.388
201.971
202.722
203.474
204.311
205.403
206.834
208.184
209.200
210.304
211.324
212.091
212.518
212.433
211.665
209.964
207.340
203.894
199.646
194.620
189.091
183.399
177.713
172.037
166.528
161.331
156.363
151.833
148.086
145.518
144.384
145.093
147.943
152.926
159.994
169.128
180.322
193.247
206.851
219.937
231.350
240.404
247.232
251.648
254.055
255.076
254.798
253.777
252.295
250.631
249.066
247.413
245.857
244.578
243.393
242.302
241.486
240.942
240.489
240.127
240.037
239.947
239.766
239.676
239.585
239.495
239.405
239.133
238.953
238.682
238.142
237.692
237.241
236.343
234.999
233.390
231.520
229.302
226.742
224.196
221.401
218.364
215.432
212.348
209.286
206.497
203.810
201.471
199.395
197.330
195.520
193.963
192.576
191.274
190.058
189.087
188.200
187.395
186.752
186.110
185.550
185.150
184.750
184.271
183.873
183.475
183.077
182.759
182.600
182.759
183.156
183.554
183.952
184.511
185.230
185.950
186.511
187.154
187.716
188.280
188.925
189.410
190.058
190.705
191.355
191.924
192.412
192.901
193.391
193.880
193.962
193.880
193.717
193.228
192.738
192.249
191.436
190.705
189.977
189.168
188.442
187.877
187.555
187.073
186.672
186.592
186.672
186.993
187.475
188.119
189.007
190.058
191.274
192.576
193.800
195.109
196.505
197.824
199.313
200.723
201.638
202.388
202.972
203.223
203.139
202.805
202.304
201.804
201.388
200.805
200.224
199.892
199.477
199.146
199.146
199.146
199.146
199.229
199.395
199.726
200.141
200.639
201.221
201.804
202.304
202.889
203.641
204.311
205.066
205.907
206.665
207.339
208.100
208.776
209.454
210.134
210.643
211.154
211.580
211.921
212.262
212.518
212.774
213.031
213.117
213.202
213.117
213.031
213.288
213.459
213.459
213.544
213.373
213.202
213.373
213.373
213.202
213.031
212.945
212.860
212.774
212.689
212.433
212.177
212.006
211.921
211.836
211.580
211.239
210.983
210.898
210.728
210.473
210.134
209.539
208.776
207.930
207.170
206.159
204.982
203.976
203.056
201.971
200.889
199.892
198.733
197.576
196.423
195.273
194.127
192.983
191.761
190.463
189.168
187.878
186.672
185.470
184.192
183.077
181.966
180.936
180.147
179.359
178.730
178.258
177.709
177.318
177.161
177.083
177.083
177.161
177.396
177.709
178.180
178.808
179.595
180.541
181.570
182.600
183.714
184.990
186.191
187.315
188.603
190.058
191.599
193.309
195.191
197.165
199.147
200.972
202.639
204.396
205.907
207.171
208.353
209.370
210.218
210.813
211.324
211.665
212.006
212.177
212.262
212.518
212.774
212.860
212.689
212.689
212.774
212.774
212.860
212.945
212.945
213.031
213.031
213.031
213.031
212.945
212.945
212.945
212.774
212.689
212.689
212.518
212.518
212.603
212.603
212.518
212.518
212.689
212.774
213.031
213.801
215.002
216.723
218.796
221.140
223.670
226.126
228.330
230.099
231.519
232.498
232.854
232.854
232.498
231.786
230.897
230.010
229.036
227.976
227.006
226.037
225.071
224.107
222.884
221.140
219.056
216.551
213.375
209.626
205.405
200.808
195.851
190.547
185.313
180.071
175.058
170.421
166.072
162.601
159.837
157.613
156.138
155.330
155.110
155.330
155.918
156.727
157.686
158.796
159.836
160.730
161.626
162.525
163.276
163.878
164.405
164.858
165.236
165.538
165.765
165.917
166.069
166.145
165.993
165.765
165.689
165.538
165.312
165.085
164.858
164.556
164.254
164.103
164.028
163.953
164.104
164.632
165.539
166.905
168.886
171.649
174.900
178.495
182.285
186.192
190.059
193.556
196.671
199.479
201.888
203.809
205.319
206.496
207.339
207.930
208.438
208.776
208.776
208.776
208.607
208.353
208.269
208.015
207.761
207.592
207.423
207.254
207.002
206.665
206.328
205.822
205.150
204.395
203.641
202.889
202.054
201.221
200.473
199.892
199.229
198.567
197.989
197.411
196.752
196.094
195.437
194.454
193.636
192.983
192.168
191.517
191.192
191.111
191.274
191.843
192.820
194.127
195.602
197.165
198.899
200.889
202.555
203.893
205.403
206.665
207.762
208.692
209.539
210.218
210.728
211.324
211.665
211.921
212.177
212.262
212.347
212.603
212.860
212.945
213.031
213.031
212.774
212.689
212.860
212.945
212.945
212.945
213.031
213.117
213.202
213.544
213.972
214.572
215.431
216.378
217.499
218.536
219.489
220.183
220.357
220.009
219.142
217.672
215.604
213.203
210.390
207.340
204.229
200.973
197.825
194.701
191.519
188.765
186.351
184.113
182.204
180.542
179.044
177.710
176.692
175.833
175.132
174.588
174.045
173.502
172.960
172.574
172.188
171.956
171.802
171.494
171.186
170.879
170.571
170.494
170.494
170.494
170.725
171.186
171.957
173.271
175.056
177.162
179.675
182.522
185.792
189.169
192.332
195.356
198.155
200.640
202.722
204.563
206.075
207.340
208.353
209.031
209.624
210.134
210.473
210.558
210.728
211.154
211.580
212.262
213.288
214.573
216.206
218.018
219.923
221.836
223.495
224.984
226.213
227.006
227.534
227.799
227.799
227.446
226.829
226.037
225.422
224.896
224.282
223.932
223.845
223.932
224.107
224.107
224.020
224.194
224.369
224.545
224.808
224.896
225.071
225.159
225.159
225.422
225.862
226.389
227.094
228.152
229.301
230.631
232.142
233.747
235.357
236.793
238.323
239.766
241.123
242.484
243.484
244.213
244.851
245.217
245.399
245.399
245.125
244.669
244.122
243.484
242.484
241.576
240.580
239.314
237.782
235.716
233.301
230.543
227.360
223.846
220.098
216.121
212.178
208.186
204.229
200.308
196.589
193.229
190.059
186.995
184.193
181.728
179.517
177.553
175.756
174.200
172.961
171.880
170.879
170.034
169.421
169.038
168.732
168.427
168.198
168.198
168.274
168.274
168.351
168.579
168.808
168.885
169.115
169.421
169.574
169.727
169.880
170.034
170.110
170.110
170.187
170.263
170.263
170.187
169.957
169.804
169.804
169.727
169.498
169.421
169.498
169.498
169.727
170.187
170.879
171.880
173.271
174.978
176.927
179.280
181.888
184.512
187.074
189.654
192.169
194.373
196.177
197.659
199.064
200.307
201.305
202.305
203.139
203.976
204.898
205.570
206.159
206.749
207.339
207.846
208.100
208.100
208.100
208.015
207.677
207.339
206.917
206.496
206.159
205.822
205.402
205.150
204.982
204.647
204.311
203.976
203.725
203.390
203.056
202.722
202.304
202.054
201.887
201.804
201.804
201.887
202.137
202.471
202.972
203.641
204.311
205.066
205.822
206.580
207.339
208.100
208.946
209.624
210.134
210.558
211.069
211.495
211.750
212.091
212.433
212.603
212.774
212.945
212.945
213.031
213.117
213.202
213.117
212.945
213.031
213.117
213.117
213.117
212.945
213.031
213.288
213.202
213.117
213.117
213.202
213.288
213.202
213.117
213.117
213.117
213.117
213.202
213.117
213.031
213.031
213.117
213.202
213.117
212.945
212.518
211.921
211.069
209.964
208.608
207.003
205.235
203.391
201.471
199.395
197.247
195.274
193.391
191.680
190.058
188.522
187.395
186.351
185.390
184.591
183.952
183.475
182.997
182.600
182.283
182.045
181.886
181.807
181.807
181.807
182.045
182.680
183.475
184.431
185.791
187.315
189.169
191.356
193.636
195.931
198.155
200.391
202.389
204.061
205.571
207.002
208.015
208.692
209.369
210.134
210.728
211.069
211.324
211.495
211.580
211.665
211.836
212.006
211.921
211.750
211.750
211.836
211.750
211.665
211.750
211.750
211.750
211.750
211.750
211.750
211.921
212.006
212.006
212.091
212.006
211.921
212.006
212.091
212.091
212.006
211.921
211.836
211.836
211.921
211.836
211.836
211.921
211.921
212.006
212.091
212.262
212.518
212.774
213.117
213.288
213.459
213.715
213.801
213.801
213.715
213.715
213.801
213.630
213.459
213.459
213.288
212.945
212.603
212.347
212.177
212.006
211.836
211.750
211.750
211.665
211.665
211.836
212.006
212.177
212.433
212.860
213.373
213.715
213.886
213.801
213.459
212.860
211.836
210.474
208.777
207.003
204.983
202.806
200.806
198.816
196.753
194.781
192.983
191.355
189.977
188.603
187.234
186.111
185.070
183.873
182.680
181.570
180.383
179.280
178.259
177.161
176.068
175.132
174.355
173.734
173.347
173.037
172.806
172.728
172.806
173.115
173.424
173.734
174.200
174.510
174.743
175.054
175.444
175.833
176.145
176.379
176.692
177.005
177.396
177.866
178.179
178.572
179.201
179.989
180.857
181.966
183.396
184.990
186.833
188.846
190.544
192.087
193.882
195.684
197.247
198.484
199.726
200.972
201.887
202.722
203.390
203.892
204.395
204.982
205.402
205.486
205.486
205.486
205.486
205.318
205.318
205.402
205.234
205.066
205.066
205.150
205.234
205.150
205.066
205.150
205.234
205.486
205.738
206.075
206.496
206.917
207.423
208.100
208.861
209.624
210.388
210.983
211.495
211.921
212.347
212.689
212.945
213.202
213.373
213.544
213.715
213.801
213.886
214.143
214.058
213.886
214.143
214.315
214.315
214.401
214.572
214.658
214.572
214.658
215.002
215.689
216.722
218.104
220.010
222.272
224.721
227.271
230.011
232.766
235.358
237.782
240.037
242.122
244.031
245.765
247.413
248.882
250.078
251.278
252.479
253.498
254.426
255.356
256.287
257.033
257.500
257.967
258.528
258.715
258.435
258.061
257.780
257.033
255.914
254.891
253.592
252.202
250.816
249.618
248.147
246.405
244.943
243.484
241.849
240.128
238.413
236.613
235.088
233.836
232.498
231.430
230.542
229.744
228.859
227.975
227.446
226.829
226.213
225.686
225.071
224.457
223.932
223.495
223.407
223.232
222.970
222.795
222.708
222.795
222.970
223.320
223.757
224.545
225.598
226.565
227.711
228.947
230.099
231.253
232.320
233.211
234.194
235.178
235.805
236.433
237.062
237.602
238.232
238.953
239.766
240.761
241.849
243.029
244.304
245.399
246.313
247.138
247.871
248.606
249.249
249.802
250.170
250.355
250.539
250.631
250.539
250.170
249.801
249.525
249.066
248.698
248.514
247.963
247.412
247.046
246.588
246.221
245.764
245.217
244.669
244.122
243.484
242.756
242.030
241.214
240.399
239.766
239.133
238.502
237.962
237.422
236.702
236.074
235.357
234.372
233.479
232.498
231.430
230.631
229.921
229.301
228.859
228.505
228.240
227.975
227.711
227.270
226.653
225.774
224.721
223.407
221.749
219.836
217.845
215.776
213.631
211.580
209.625
207.678
206.075
204.731
203.474
202.388
201.388
200.639
199.975
199.229
198.649
198.236
197.741
197.246
196.752
196.341
195.929
195.519
195.109
194.617
194.208
193.799
193.391
193.228
193.064
192.820
192.575
192.412
192.249
191.924
191.680
191.355
190.868
190.381
189.896
189.329
188.845
188.442
187.877
187.314
186.993
186.672
186.110
185.789
185.550
185.230
184.990
184.750
184.510
184.191
183.952
183.714
183.475
183.316
183.156
182.997
182.759
182.521
182.283
182.045
181.886
181.649
181.331
181.094
180.936
180.699
180.541
180.462
180.305
180.147
180.068
179.989
180.068
180.147
180.226
180.383
180.462
180.699
181.015
181.252
181.490
181.886
182.283
182.521
182.759
182.997
183.077
183.236
183.475
183.634
183.793
183.952
184.191
184.510
184.910
185.390
186.111
186.913
187.797
188.845
189.896
190.949
191.924
192.983
193.963
194.863
195.930
197.082
198.154
199.229
200.390
201.471
202.388
203.307
204.311
205.318
206.159
207.086
208.100
209.031
209.964
211.069
212.262
213.202
213.972
214.830
215.603
216.205
216.722
217.240
217.671
217.930
218.190
218.450
218.623
218.536
218.536
218.796
219.142
219.749
220.704
222.010
223.495
224.808
226.478
228.418
230.188
231.697
233.123
234.551
235.715
236.793
237.512
237.872
238.322
238.592
238.502
238.412
238.232
237.872
237.422
236.702
235.984
235.357
234.551
233.657
232.765
231.875
230.986
230.099
229.124
228.152
227.358
226.829
226.565
226.301
226.301
226.653
227.094
227.534
227.799
228.240
228.859
229.301
229.655
229.832
230.098
230.542
230.631
230.453
230.276
230.009
229.655
229.213
228.682
228.152
227.534
227.006
226.565
226.037
225.598
225.247
224.808
224.369
224.020
223.670
223.145
222.620
222.185
221.662
221.139
220.704
220.009
219.229
218.709
218.277
218.017
217.757
217.326
216.981
216.895
216.809
216.722
216.809
217.067
217.326
217.671
217.930
218.277
218.796
219.229
219.836
220.444
221.139
221.923
222.796
223.670
224.282
224.896
225.510
226.213
227.006
227.622
228.152
228.771
229.301
229.567
229.567
229.567
229.567
229.478
229.213
228.594
227.887
227.182
226.477
225.686
224.983
224.195
223.407
222.708
221.836
220.965
220.183
219.575
218.882
218.277
217.758
217.240
216.895
216.464
215.947
215.431
214.916
214.401
213.801
213.202
212.604
212.006
211.410
210.813
210.134
209.454
208.861
208.353
207.761
207.086
206.665
206.328
206.075
205.906
205.654
205.486
205.402
205.402
205.486
205.402
205.318
205.402
205.486
205.486
205.486
205.486
205.402
205.402
205.570
205.654
205.654
205.654
205.654
205.570
205.486
205.318
204.982
204.647
204.144
203.557
203.056
202.554
202.054
201.554
201.055
200.639
200.307
200.058
199.892
199.892
199.809
199.643
199.395
199.063
198.815
198.402
198.071
197.906
197.658
197.410
197.246
197.081
196.834
196.752
196.834
196.917
197.081
197.163
197.246
197.493
197.658
197.823
198.071
198.319
198.567
198.898
199.229
199.477
199.726
199.809
199.892
200.058
200.307
200.473
200.556
200.638
200.805
201.055
201.221
201.388
201.638
201.971
202.054
201.971
202.054
202.220
202.304
202.638
203.139
203.557
204.060
204.563
204.898
205.318
205.906
206.243
206.412
206.496
206.749
207.086
207.170
207.254
207.338
207.423
207.592
207.761
207.930
208.015
208.015
208.100
208.269
208.438
208.692
209.030
209.369
209.879
210.388
210.899
211.665
212.518
213.373
214.401
215.431
216.378
217.326
218.190
218.969
219.575
220.096
220.617
220.878
221.052
221.313
221.226
221.226
221.313
221.139
221.052
220.878
220.791
220.704
220.617
220.704
220.791
220.965
221.139
221.139
221.139
221.487
221.749
221.662
221.749
222.010
222.097
222.097
222.185
222.272
222.185
222.010
221.923
221.923
221.749
221.574
221.487
221.139
220.704
220.270
219.749
219.229
218.709
218.190
217.757
217.326
216.895
216.722
216.550
216.291
216.205
216.205
216.464
216.636
216.722
217.067
217.326
217.585
217.930
218.190
218.450
218.796
219.055
219.315
219.402
219.315
219.402
219.575
219.749
219.836
219.836
219.662
219.662
219.749
219.749
219.749
219.749
219.749
219.749
219.923
219.923
219.749
219.749
219.836
219.749
219.662
219.662
219.662
219.575
219.488
219.488
219.488
219.662
219.662
219.402
219.488
219.749
219.662
219.575
219.923
220.357
220.878
221.662
222.446
223.407
224.458
225.247
226.126
227.094
227.887
228.682
229.478
230.187
230.720
231.163
231.608
231.964
232.498
233.122
233.925
234.999
236.074
237.152
238.142
239.224
240.308
241.304
242.484
243.575
244.486
245.308
246.039
246.771
247.321
248.055
248.974
249.710
250.447
251.277
252.109
253.035
254.241
255.449
256.660
257.874
258.996
260.027
260.966
261.718
262.283
262.848
263.226
263.320
263.226
263.037
262.660
262.283
262.095
261.907
261.624
261.530
261.436
261.154
260.872
260.496
259.933
259.277
258.622
257.780
256.847
255.914
255.077
254.241
253.220
252.109
251.093
250.078
248.974
247.780
246.405
245.125
243.758
242.303
240.942
239.766
238.683
237.512
236.343
235.267
234.372
233.479
232.676
231.964
231.430
230.986
230.453
230.009
229.567
229.390
229.301
229.036
228.771
228.505
228.328
228.151
227.975
227.711
227.358
227.006
226.653
226.565
226.653
226.653
226.653
226.653
227.006
227.799
228.771
230.010
231.698
234.016
236.703
239.496
242.667
245.948
249.159
252.295
255.543
258.529
261.343
264.076
266.348
268.343
269.868
271.013
271.779
272.353
272.449
272.353
272.257
272.161
272.066
271.683
271.109
270.535
270.153
269.772
269.486
269.200
268.819
268.342
268.057
268.057
268.057
267.962
267.772
267.392
267.107
267.107
267.012
266.822
266.822
266.822
266.727
266.537
266.158
265.684
265.210
264.643
264.170
263.887
263.509
263.131
263.037
263.037
262.848
262.660
262.377
262.001
261.624
261.342
261.248
261.342
261.813
262.566
263.698
265.305
267.107
269.200
271.588
273.985
276.585
279.292
281.915
284.548
287.094
289.848
292.712
295.191
297.680
300.078
302.083
304.295
306.515
308.133
309.756
311.280
312.298
313.317
313.827
313.827
313.827
313.521
313.114
312.604
311.890
311.280
310.670
309.958
309.146
308.234
307.323
306.514
305.605
304.698
303.892
302.886
301.882
300.679
299.078
297.481
295.689
293.802
291.723
289.454
287.193
284.841
282.596
280.554
278.614
276.585
274.658
273.025
271.587
270.250
268.819
267.487
266.537
265.494
264.548
264.075
263.792
263.603
263.698
264.075
264.359
264.548
264.831
265.210
265.684
266.158
266.347
266.632
266.917
266.917
267.012
266.917
266.631
266.442
266.063
265.400
265.021
264.643
263.981
263.509
263.131
263.037
263.037
262.754
262.565
262.283
262.001
261.813
261.436
260.966
260.496
260.215
259.933
259.558
259.464
259.371
259.464
260.027
260.684
261.624
262.849
264.265
265.874
267.582
269.486
271.492
273.793
276.199
278.518
280.942
283.279
285.624
288.077
290.439
292.613
294.496
296.285
298.179
299.878
301.380
302.786
303.993
304.597
305.000
305.403
305.605
305.908
306.009
305.706
305.403
305.101
304.698
304.194
303.590
303.087
302.484
301.681
300.979
300.278
299.377
298.079
296.783
295.787
294.794
293.702
292.712
291.920
291.031
290.143
289.256
288.076
287.094
286.309
285.330
284.254
282.986
281.720
280.262
278.518
276.777
275.139
273.505
271.779
269.964
268.153
266.348
264.360
262.378
260.309
258.154
255.915
253.592
251.555
249.619
247.597
245.674
244.031
242.666
241.576
240.851
240.489
240.398
240.489
240.670
241.032
241.214
241.214
241.395
241.304
241.032
240.760
240.398
240.037
239.676
239.405
238.953
238.502
238.232
237.872
237.602
237.512
237.512
237.512
237.782
238.322
238.863
239.405
239.947
240.580
241.304
241.939
242.575
243.393
244.304
245.217
246.405
247.780
249.342
251.093
252.943
254.799
256.567
258.529
260.591
262.567
264.738
266.822
268.534
269.772
270.727
271.683
272.353
272.641
272.737
272.929
273.025
273.121
273.121
272.929
272.737
272.737
272.833
273.121
273.408
273.696
274.273
275.042
276.006
276.970
278.033
279.195
280.262
281.039
281.622
282.401
282.693
282.596
282.791
282.888
282.791
282.693
282.791
283.083
283.571
284.450
285.722
287.192
289.158
291.427
294.100
297.082
299.678
301.983
304.094
306.313
308.944
311.586
314.340
317.411
320.497
323.906
327.435
330.877
334.333
337.596
340.448
342.780
344.905
346.609
347.677
348.532
348.959
348.746
348.532
348.318
347.463
346.396
345.437
344.160
342.779
341.506
340.235
339.178
338.228
337.173
336.330
335.384
334.018
332.864
331.922
330.667
329.310
328.475
327.954
327.538
327.434
327.434
327.538
327.954
328.163
327.850
327.330
326.706
325.875
324.631
323.181
321.734
320.085
318.438
317.103
315.669
314.339
313.216
312.298
311.585
310.873
310.365
310.060
309.755
309.349
309.146
309.045
308.944
309.045
309.552
309.958
310.670
311.993
313.318
314.543
315.771
317.206
318.643
319.878
320.909
322.147
323.284
324.009
324.734
325.564
326.291
326.914
327.538
328.267
328.997
329.936
330.666
330.980
331.817
332.549
332.969
333.179
333.179
333.179
332.969
332.550
332.131
331.503
330.771
330.249
329.518
328.788
327.747
326.602
325.668
324.734
323.698
322.457
321.321
320.187
319.158
318.232
317.103
316.180
315.463
314.748
314.236
314.032
314.134
314.441
314.850
315.463
316.283
317.308
318.643
320.084
321.321
322.457
323.491
324.320
325.356
326.187
326.810
327.434
328.059
328.788
329.205
329.831
330.562
331.399
332.340
332.759
333.388
334.228
335.068
336.015
337.068
338.439
339.707
340.765
341.930
343.204
344.586
345.757
346.930
348.104
348.639
348.853
349.602
350.352
350.566
350.888
351.531
352.175
352.390
352.498
352.605
352.605
352.283
351.746
351.209
350.673
350.244
349.495
348.639
348.104
347.463
346.929
346.503
345.757
344.905
344.054
342.991
341.506
339.601
337.068
334.019
330.876
327.540
324.010
321.218
318.849
316.795
315.361
314.032
313.114
312.910
312.706
312.604
312.808
313.114
313.317
313.521
313.827
314.032
314.236
314.339
314.339
314.236
314.032
313.623
312.808
311.687
310.670
309.350
307.728
306.111
304.396
302.886
301.481
300.078
298.878
297.779
296.982
296.185
295.489
294.992
294.496
294.099
293.999
293.900
293.900
294.198
294.396
294.694
295.191
295.787
296.484
297.281
298.079
298.778
299.577
300.378
300.979
301.581
301.982
302.384
302.685
302.685
302.786
302.685
302.484
302.484
302.384
302.183
301.881
301.580
301.480
301.681
302.283
303.188
304.496
306.009
307.729
309.654
311.993
314.339
316.694
319.158
321.425
323.906
326.084
327.747
328.892
330.145
331.399
332.236
332.969
333.493
334.228
334.858
335.384
336.330
337.173
337.806
338.650
339.601
340.553
341.718
342.885
344.373
346.076
347.143
347.784
348.532
349.066
349.709
350.459
350.780
350.888
350.780
350.459
350.137
349.923
349.601
349.601
349.816
349.923
350.030
350.030
349.923
349.816
349.388
348.959
348.853
348.425
347.784
347.463
347.356
346.929
346.396
346.183
345.863
345.011
344.160
343.522
342.885
342.142
341.188
340.235
339.284
338.333
337.278
336.015
334.753
333.284
331.712
330.041
328.268
326.292
324.320
322.458
320.497
318.644
316.693
314.850
313.114
311.382
309.452
307.425
305.808
304.195
302.484
300.879
299.178
297.381
295.589
293.703
292.019
290.439
288.568
286.506
284.743
283.181
281.914
280.942
279.971
279.001
277.937
277.163
276.487
275.812
275.235
274.754
274.465
274.176
273.984
273.696
273.312
273.216
273.121
273.121
273.025
272.737
272.545
272.545
272.545
272.353
271.970
271.492
271.205
270.822
270.344
270.153
269.963
269.677
269.581
269.677
269.677
269.867
270.249
270.822
271.396
271.779
272.257
272.737
273.216
273.408
273.600
273.984
274.369
274.754
275.235
276.006
276.777
277.647
279.098
280.747
282.499
284.548
286.702
289.257
292.020
294.397
296.683
298.978
301.381
303.692
305.707
307.627
309.350
310.873
311.992
312.706
313.522
314.032
314.236
314.236
314.134
314.236
314.236
314.134
313.930
313.725
313.317
313.012
312.808
312.094
311.381
310.670
309.857
309.045
308.234
307.424
306.514
305.807
305.101
304.496
304.194
303.892
303.690
303.590
303.489
303.288
302.987
302.585
302.183
301.681
300.879
299.778
298.279
296.882
295.589
294.198
292.712
291.229
289.848
288.666
287.683
286.505
285.134
283.766
282.401
281.039
279.680
278.034
276.488
274.850
273.600
272.737
271.587
270.727
269.963
269.105
268.342
267.677
267.012
266.537
266.063
265.684
265.589
265.400
265.400
265.873
266.537
267.487
268.628
270.059
271.971
274.081
276.103
277.937
279.874
282.012
284.060
285.722
287.290
288.863
290.242
291.723
293.405
294.794
296.086
297.680
299.077
300.077
301.079
302.082
302.987
303.993
305.000
305.605
306.009
306.615
307.121
307.525
308.133
308.437
308.538
308.842
308.944
308.944
308.842
308.640
308.234
307.930
307.626
307.020
306.716
306.716
306.615
306.615
306.817
307.020
307.121
307.323
307.525
307.727
307.930
308.031
308.031
307.930
307.829
307.626
307.424
307.020
306.413
305.908
305.504
305.000
304.597
304.093
303.389
302.786
302.183
301.781
301.580
301.179
300.578
300.278
299.977
299.677
299.577
299.377
299.377
299.277
298.678
298.079
297.381
296.683
296.086
295.290
294.297
293.405
292.613
291.821
291.327
290.932
290.537
290.143
289.847
289.650
289.354
288.961
288.666
288.272
287.879
287.486
286.996
286.505
285.917
285.134
284.352
283.668
282.791
281.720
280.747
279.777
278.517
277.163
275.909
274.754
273.312
271.779
270.345
268.819
267.392
265.968
264.643
263.320
262.095
261.154
260.402
260.121
260.121
260.402
261.060
261.907
262.943
264.265
265.589
266.632
267.677
268.628
269.391
270.345
271.013
271.492
272.066
272.449
272.737
272.929
273.025
272.929
273.025
273.121
273.121
273.312
273.216
273.025
273.025
273.025
272.833
272.545
272.257
272.161
271.874
270.918
269.963
269.200
268.438
267.487
266.537
265.400
264.264
263.509
262.378
261.060
259.933
258.809
257.593
256.287
255.170
254.148
253.035
251.924
250.816
249.894
248.974
248.146
247.596
246.954
246.405
245.947
245.673
245.582
245.673
246.130
246.863
247.779
249.066
250.447
251.647
252.942
254.241
255.356
256.287
257.126
257.500
257.780
258.435
258.809
258.996
259.371
259.840
260.590
261.436
262.377
263.509
264.548
265.494
266.347
266.917
267.392
267.867
267.962
267.867
267.677
267.297
266.822
266.252
265.873
265.400
264.643
264.075
263.792
263.415
263.226
263.415
263.792
264.359
265.021
265.589
266.158
266.727
267.107
267.202
267.202
267.012
266.442
265.684
264.643
263.415
262.001
260.403
258.342
256.194
254.241
252.017
249.619
247.230
244.943
242.666
240.219
237.512
234.552
231.254
227.624
224.108
220.706
217.413
214.744
212.519
210.814
209.794
209.200
209.030
209.200
209.624
210.049
210.644
211.239
211.836
212.433
212.945
213.459
213.801
214.229
214.658
215.088
215.517
216.033
216.809
217.498
218.103
218.709
219.315
220.009
220.704
221.139
221.400
221.574
221.836
222.185
222.359
222.533
222.620
222.970
223.582
224.370
225.686
227.535
230.011
232.766
235.447
238.142
240.852
243.121
244.852
246.130
247.229
248.238
248.790
248.974
249.066
249.249
249.433
249.802
250.262
251.000
251.924
252.942
254.241
255.449
256.567
257.687
258.715
259.371
259.746
260.121
260.121
259.933
259.652
259.277
258.996
258.528
257.780
256.940
256.287
255.542
254.519
253.591
252.850
252.109
251.370
250.724
250.078
249.525
249.157
248.790
248.514
248.238
247.962
247.870
247.962
247.962
247.779
247.687
247.596
247.504
247.412
247.412
247.596
247.687
247.871
248.238
248.606
248.974
249.433
249.894
250.262
250.539
250.816
251.000
250.908
250.816
250.631
250.262
249.894
249.433
248.882
248.422
247.871
247.412
246.863
246.039
245.308
244.304
243.211
242.212
241.214
240.218
239.405
238.773
238.142
237.422
236.882
236.523
235.805
234.909
233.925
232.765
231.342
229.656
227.712
225.511
223.233
220.879
218.364
215.862
213.460
211.325
209.455
207.762
206.412
205.486
204.982
204.731
204.815
205.150
205.654
206.580
207.677
208.777
209.964
211.154
212.348
213.544
214.572
215.431
216.291
217.067
217.498
217.844
218.277
218.709
218.969
218.969
219.142
219.575
220.183
220.965
222.010
223.232
224.458
225.774
227.270
228.682
229.922
231.253
232.409
233.390
234.372
235.267
236.254
237.242
238.232
239.224
239.947
240.580
241.123
241.576
242.121
242.574
242.938
243.302
243.575
243.848
244.121
244.486
244.943
245.125
245.217
245.673
246.130
246.496
247.046
247.504
247.963
248.422
248.698
248.790
248.882
248.882
248.698
248.606
248.422
248.054
247.504
246.863
246.222
245.490
244.669
243.757
242.847
241.849
240.671
239.315
237.872
236.613
235.357
233.837
232.409
230.986
229.567
228.417
227.358
226.389
225.510
224.545
223.670
222.621
221.227
219.663
217.931
216.120
214.230
212.348
210.389
208.523
206.665
204.982
203.558
202.138
200.889
199.726
198.732
197.906
197.164
196.587
195.930
195.355
194.945
194.453
194.044
193.717
193.391
192.983
192.412
191.843
191.436
191.111
190.705
190.138
189.491
188.925
188.361
187.716
187.073
186.511
186.110
185.630
185.070
184.670
184.430
184.112
183.793
183.554
183.236
182.918
182.600
182.283
182.045
181.728
181.252
181.015
180.778
180.383
180.147
179.831
179.437
179.280
179.123
178.730
178.258
177.866
177.553
177.239
176.692
176.145
175.755
175.210
174.743
174.355
173.967
173.657
173.502
173.347
173.115
173.037
172.960
172.883
172.651
172.419
172.342
172.188
172.110
172.110
172.110
172.110
172.110
172.110
172.110
172.265
172.497
172.806
173.270
173.657
173.967
174.278
174.588
174.899
175.288
175.600
175.755
175.989
176.223
176.379
176.457
176.613
176.848
177.161
177.553
178.023
178.730
179.674
180.858
182.204
183.714
185.150
186.592
188.120
189.653
191.193
192.576
193.800
194.945
196.012
196.917
197.741
198.567
199.229
199.726
200.224
200.805
201.305
201.554
201.887
202.304
202.554
202.805
203.223
203.641
203.892
204.227
204.647
205.234
205.906
206.328
206.665
207.002
207.423
207.846
208.100
208.269
208.438
208.522
208.522
208.438
208.184
207.930
207.592
207.002
206.328
205.570
204.898
204.227
203.390
202.722
202.054
201.305
200.473
199.560
198.732
197.906
197.081
196.341
195.601
194.863
194.290
193.880
193.472
192.983
192.575
192.249
192.005
191.843
191.680
191.436
191.192
191.030
190.786
190.462
190.058
189.653
189.087
188.361
187.716
186.913
185.950
184.910
183.952
182.998
181.886
180.857
179.910
178.887
177.866
177.005
176.145
175.522
174.977
174.433
173.967
173.579
173.270
172.883
172.651
172.574
172.574
172.651
172.960
173.657
174.510
175.522
176.927
178.573
180.542
182.840
185.391
188.040
190.950
194.045
197.000
199.810
202.305
204.564
206.749
208.777
210.474
211.836
213.031
213.972
214.572
215.259
215.861
216.291
216.722
217.240
217.844
218.450
219.229
220.096
220.965
221.662
222.185
222.533
222.620
222.533
222.272
221.923
221.487
220.791
219.923
218.882
217.758
216.550
215.259
213.887
212.348
210.729
209.285
207.931
206.580
205.486
204.395
203.307
202.554
201.887
201.138
200.473
199.809
199.063
198.319
197.741
197.164
196.423
195.765
195.109
194.371
193.636
192.820
192.086
191.355
190.382
189.410
188.603
187.637
186.672
185.870
185.150
184.352
183.554
182.839
182.124
181.411
180.620
179.910
179.201
178.494
177.866
177.239
176.614
176.067
175.522
174.899
174.355
173.812
173.115
172.497
171.956
171.340
170.725
170.187
169.727
169.268
168.733
168.122
167.665
167.208
166.676
166.069
165.463
165.009
164.632
164.104
163.577
163.201
162.675
162.075
161.626
161.252
160.730
160.283
159.836
159.316
158.945
158.648
158.351
158.055
157.760
157.465
157.243
157.096
156.874
156.579
156.285
155.991
155.698
155.330
154.891
154.598
154.306
154.013
153.794
153.648
153.575
153.430
153.357
153.284
153.066
152.775
152.629
152.556
152.483
152.338
152.120
151.976
151.831
151.686
151.468
151.251
151.106
150.889
150.745
150.672
150.384
150.096
149.951
149.951
149.951
149.951
150.240
150.672
151.251
152.048
152.920
153.941
155.185
156.581
158.131
159.911
161.926
164.180
166.753
169.652
172.962
176.615
180.306
184.194
188.040
191.763
195.356
198.155
200.723
203.140
205.151
206.749
207.930
208.861
209.200
209.200
208.946
208.438
207.677
206.917
206.159
205.318
204.563
203.809
203.223
202.555
201.887
201.305
200.639
199.726
198.732
197.906
196.999
196.176
195.601
195.109
194.781
194.863
195.355
196.176
197.577
199.147
200.806
202.555
204.061
205.487
206.665
207.593
208.522
209.285
209.879
210.134
210.049
210.049
209.709
208.946
208.015
207.002
205.991
204.731
203.390
202.138
200.889
199.726
198.485
197.247
196.258
195.273
194.290
193.309
192.412
191.599
190.787
190.138
189.491
189.006
188.603
188.200
187.958
187.797
187.797
187.797
187.716
187.716
187.716
187.636
187.716
187.797
187.636
187.475
187.394
187.314
187.154
186.913
186.672
186.511
186.351
186.270
186.270
186.190
186.110
186.110
186.190
186.592
187.234
187.877
188.522
189.249
190.058
191.112
192.331
193.472
194.781
196.094
197.577
199.313
200.972
202.639
204.396
206.076
207.678
209.201
210.559
211.836
212.860
213.544
213.801
213.459
212.092
209.795
206.750
202.974
198.570
193.802
189.574
186.752
185.869
187.396
191.521
197.663
204.988
212.609
219.841
226.040
230.899
234.463
236.703
238.142
238.953
239.495
240.127
240.851
241.939
243.211
244.122
244.395
244.122
243.211
241.577
239.585
237.422
235.268
233.658
232.943
233.747
236.435
240.854
246.591
253.038
259.280
264.455
268.153
270.058
270.535
269.772
267.868
265.400
262.191
258.436
254.707
251.094
247.689
244.487
241.759
239.405
237.243
235.268
233.480
232.053
230.897
230.010
229.301
228.682
228.152
227.799
227.622
227.358
227.094
226.917
226.653
226.477
226.477
226.213
225.949
225.774
225.335
224.808
223.845
222.534
221.227
219.663
217.845
215.690
213.288
210.729
207.932
205.319
202.723
200.142
197.741
195.438
193.310
191.274
189.411
187.798
186.351
184.990
183.873
183.156
182.997
183.554
184.511
185.871
187.798
189.896
191.843
193.555
194.945
195.930
196.670
197.246
197.741
198.402
199.395
200.723
202.389
204.480
206.833
209.201
211.495
213.802
215.948
217.845
219.576
221.140
222.621
223.757
224.633
225.335
225.862
226.213
226.213
226.125
226.125
225.949
225.598
225.071
224.457
223.757
223.057
222.272
221.313
220.270
219.142
217.931
216.550
215.259
213.887
212.263
210.729
209.370
208.015
207.002
206.328
205.906
205.738
205.906
206.412
207.002
207.761
208.438
208.861
209.285
209.709
210.049
210.388
210.728
211.154
211.665
212.177
212.774
213.373
213.972
214.658
215.345
216.033
216.550
216.895
217.240
217.498
217.671
217.930
218.017
217.844
217.412
216.809
215.948
214.830
213.545
211.922
210.134
208.523
207.255
206.243
205.402
204.647
204.060
203.725
203.557
203.474
203.390
203.390
203.557
203.725
203.808
203.892
203.975
204.059
204.143
204.143
204.059
203.892
203.557
202.972
202.138
200.972
199.478
197.659
195.684
193.718
191.762
189.977
188.200
186.512
185.070
183.793
182.680
181.491
180.305
179.044
177.788
176.770
175.678
174.511
173.425
172.419
171.571
170.802
170.110
169.651
169.268
168.809
168.503
168.274
168.046
167.893
167.665
167.436
167.360
167.360
167.360
167.360
167.283
166.980
166.676
166.297
165.690
165.009
164.104
163.126
162.075
160.954
159.911
158.945
157.982
157.022
156.212
155.551
154.891
154.379
154.013
153.648
153.357
153.139
152.920
152.702
152.556
152.411
152.265
152.193
152.265
152.265
152.265
152.411
152.483
152.556
152.629
152.629
152.629
152.483
152.265
151.976
151.541
151.179
150.745
150.456
150.456
150.817
152.049
154.015
156.507
159.540
162.676
165.691
168.428
170.649
172.343
173.580
174.278
174.510
174.588
174.666
174.977
175.366
175.755
176.301
177.005
177.945
179.123
180.305
181.649
183.157
184.511
185.951
187.476
188.926
190.138
191.193
192.413
193.472
194.290
195.109
195.847
196.423
196.834
196.999
197.081
197.163
197.081
196.917
196.587
196.094
195.601
195.109
194.699
194.126
193.472
192.820
191.924
191.111
190.300
189.330
188.442
187.556
186.511
185.390
184.272
182.998
181.649
180.305
178.965
177.788
176.770
175.833
175.132
174.821
174.588
174.278
174.200
174.122
174.045
174.355
174.821
175.522
176.536
177.631
178.730
179.753
180.620
181.411
182.124
182.759
183.395
184.032
184.590
184.990
185.390
185.789
186.110
186.351
186.592
186.832
186.993
187.234
187.555
187.797
188.200
188.683
189.087
189.653
190.381
191.192
191.924
192.575
193.309
194.126
194.945
195.519
196.176
196.999
197.576
197.906
198.319
198.898
199.477
199.975
200.473
201.221
201.804
202.221
202.638
202.805
202.805
202.722
202.638
202.471
202.304
202.220
202.054
201.887
201.721
201.638
201.638
201.721
201.804
201.804
201.887
202.137
202.554
202.889
203.056
203.223
203.390
203.557
203.557
203.474
203.474
203.390
203.223
203.139
203.056
202.889
202.805
202.638
202.554
202.638
202.722
203.056
203.725
204.731
205.991
207.340
208.692
210.134
211.580
212.775
213.630
214.229
214.487
214.487
214.058
213.117
211.836
210.389
208.947
207.340
205.655
204.061
202.889
201.638
200.390
199.395
198.567
197.823
197.081
196.505
196.176
196.094
195.847
195.437
194.945
194.453
194.044
193.636
193.228
192.820
192.412
192.086
191.761
191.355
190.868
190.219
189.653
189.168
188.442
187.636
186.672
185.550
184.431
183.236
181.966
180.857
179.910
178.887
177.788
176.770
175.989
175.366
174.821
174.355
173.812
173.347
172.960
172.728
172.574
172.188
171.956
171.956
171.802
171.648
171.494
171.186
170.879
170.648
170.341
170.034
169.727
169.421
169.038
168.579
168.351
168.122
167.741
167.436
167.208
166.904
166.600
166.448
166.221
165.993
165.993
165.917
165.917
166.221
166.600
166.752
167.056
167.588
168.198
169.115
170.188
171.340
172.729
174.278
175.912
177.710
179.517
181.254
183.157
185.150
187.154
189.330
191.599
194.045
196.588
199.147
201.638
203.977
206.076
207.677
208.776
209.369
209.539
209.115
208.353
207.593
206.580
205.403
204.228
203.139
201.971
200.640
199.230
197.824
196.587
195.273
194.045
192.983
191.924
190.868
189.977
189.329
188.603
187.958
187.555
187.314
187.234
187.234
187.394
187.636
187.797
188.119
188.442
188.603
188.845
188.925
188.925
188.925
188.683
188.522
188.683
189.249
190.219
191.761
193.636
195.520
197.330
198.650
199.477
199.643
198.981
197.906
196.423
194.454
192.250
189.896
187.396
184.911
182.443
180.068
177.945
175.912
173.890
172.111
170.572
169.039
167.589
166.372
165.312
164.330
163.426
162.525
161.701
161.103
160.655
160.283
159.985
159.761
159.538
159.390
159.464
159.538
159.612
159.836
160.134
160.432
160.655
160.879
161.102
161.252
161.402
161.476
161.476
161.476
161.476
161.402
161.252
161.252
161.252
161.327
161.551
161.776
162.001
162.300
162.599
162.825
163.126
163.502
163.802
164.104
164.330
164.481
164.481
164.330
164.254
164.028
163.727
163.426
162.975
162.375
161.926
161.551
161.252
160.953
160.730
160.804
160.804
160.879
160.953
160.953
160.953
160.953
161.102
161.327
161.626
162.001
162.525
163.126
163.878
164.783
165.766
166.752
167.741
168.733
169.727
170.648
171.417
172.188
172.960
173.734
174.355
174.743
175.054
175.522
175.833
175.989
176.223
176.301
176.379
176.613
176.848
176.926
177.161
177.631
178.258
179.044
180.147
181.808
183.634
185.711
188.282
191.113
193.882
196.259
198.402
200.474
202.389
204.061
205.318
206.328
207.170
207.846
208.522
208.945
209.115
209.369
209.709
209.879
209.964
210.134
210.218
210.303
210.388
210.473
210.388
210.303
210.388
210.218
210.049
209.879
209.369
208.692
207.930
206.833
205.571
204.228
202.639
200.972
199.395
197.824
196.259
194.781
193.391
192.006
190.382
188.845
187.476
185.951
184.511
183.157
181.886
180.621
179.438
178.415
177.396
176.536
175.833
175.288
174.821
174.433
174.200
174.122
174.045
173.734
173.347
172.883
172.265
171.571
170.648
169.651
168.657
167.665
166.600
165.463
164.331
163.276
162.300
161.253
160.208
159.316
158.426
157.465
156.727
155.991
155.330
154.818
154.306
153.940
153.648
153.357
153.066
152.775
152.556
152.483
152.338
152.193
152.193
152.338
152.556
152.847
153.284
153.648
154.086
154.745
155.551
156.433
157.465
158.574
159.762
161.029
162.225
163.426
164.557
165.691
166.828
167.817
168.733
169.574
170.341
171.032
171.571
172.033
172.265
172.342
172.419
172.342
172.110
171.802
171.417
170.955
170.417
169.804
169.191
168.427
167.512
166.600
165.766
164.934
164.029
163.276
162.376
161.402
160.581
159.688
158.796
157.834
156.948
156.212
155.404
154.598
153.795
152.920
152.048
151.251
150.456
149.663
148.944
148.227
147.512
146.869
146.228
145.517
144.879
144.314
143.819
143.326
142.833
142.342
141.851
141.431
141.011
140.592
140.174
139.826
139.478
139.062
138.716
138.369
138.023
137.748
137.472
137.196
136.989
136.851
136.714
136.576
136.439
136.371
136.302
136.165
136.096
136.165
136.233
136.233
136.233
136.233
136.233
136.165
136.028
135.822
135.616
135.479
135.274
135.001
134.659
134.250
133.842
133.298
132.756
132.282
131.742
131.270
130.866
130.396
129.926
129.458
129.057
128.790
128.523
128.191
127.925
127.659
127.460
127.327
127.128
127.062
127.062
126.996
126.864
126.798
126.732
126.666
126.666
126.599
126.467
126.401
126.269
126.005
125.741
125.544
125.281
124.952
124.559
124.166
123.773
123.381
122.991
122.601
122.275
121.951
121.627
121.369
121.175
120.981
120.916
120.916
120.916
120.981
121.239
121.692
122.211
122.796
123.578
124.428
125.347
126.401
127.527
128.658
129.861
131.068
132.147
133.230
134.251
135.275
136.371
137.541
138.646
139.618
140.663
141.641
142.623
143.608
144.455
145.234
146.015
146.798
147.583
148.299
149.088
149.879
150.673
151.613
152.484
153.503
154.598
155.771
156.949
158.131
159.465
160.955
162.526
164.029
165.540
167.133
168.886
170.572
172.189
173.813
175.367
176.771
178.023
178.965
179.674
180.226
180.620
181.015
181.094
180.936
180.699
180.383
179.910
179.437
179.123
178.808
178.415
177.944
177.709
177.709
177.709
177.631
177.553
177.474
177.239
177.005
176.770
176.379
175.755
174.977
174.122
173.115
171.880
170.495
169.115
167.589
165.918
164.255
162.526
160.731
158.945
157.170
155.478
153.868
152.484
151.180
149.808
148.586
147.655
146.798
145.944
145.375
144.879
144.384
144.031
143.819
143.678
143.607
143.537
143.467
143.537
143.748
144.031
144.384
144.809
145.234
145.802
146.370
146.940
147.512
147.869
148.227
148.586
148.873
149.160
149.303
149.375
149.447
149.375
149.231
149.160
149.160
149.231
149.447
149.591
149.735
150.023
150.312
150.672
151.106
151.541
152.048
152.556
152.993
153.503
154.013
154.525
155.184
155.844
156.506
157.096
157.686
158.426
159.167
159.910
160.655
161.402
162.225
163.201
164.255
165.312
166.372
167.513
168.657
169.881
171.263
172.574
173.890
175.211
176.536
177.867
179.044
180.147
181.253
182.203
182.918
183.395
183.634
183.714
183.475
182.918
182.203
181.253
180.305
179.280
178.102
176.927
175.755
174.666
173.503
172.419
171.417
170.341
169.344
168.351
167.436
166.448
165.388
164.481
163.502
162.675
161.926
161.029
160.208
159.390
158.500
157.612
156.801
155.991
155.184
154.452
153.649
152.775
151.976
151.179
150.312
149.591
148.944
148.227
147.655
147.226
146.584
145.944
145.446
144.879
144.384
143.960
143.467
142.904
142.412
141.991
141.501
140.941
140.453
139.965
139.478
139.062
138.646
138.162
137.748
137.403
137.058
136.783
136.576
136.439
136.371
136.233
136.096
136.096
136.096
136.165
136.233
136.302
136.508
136.714
136.920
137.058
137.127
137.265
137.472
137.541
137.541
137.610
137.679
137.679
137.541
137.334
137.127
136.920
136.714
136.508
136.302
136.096
135.822
135.616
135.479
135.274
135.069
134.932
134.932
135.069
135.342
135.685
136.165
136.852
137.610
138.508
139.619
140.942
142.483
144.244
146.157
148.085
150.097
152.194
154.307
156.433
158.501
160.656
162.676
164.557
166.449
168.275
170.111
171.726
173.271
174.822
176.068
177.239
178.337
179.359
180.226
180.936
181.649
182.203
182.600
182.918
183.236
183.395
183.475
183.554
183.395
183.316
183.236
183.077
182.997
182.838
182.441
182.203
182.045
181.649
181.174
180.699
180.383
179.910
179.280
178.730
178.101
177.396
176.692
175.911
175.132
174.278
173.270
172.265
171.263
170.188
169.039
167.817
166.752
165.766
164.707
163.727
162.825
161.926
161.029
160.208
159.390
158.574
157.908
157.169
156.359
155.551
154.818
154.087
153.284
152.557
151.903
151.323
150.745
150.096
149.519
149.160
148.801
148.442
148.155
147.940
147.797
147.655
147.583
147.512
147.440
147.440
147.440
147.440
147.583
147.797
148.012
148.227
148.514
148.873
149.231
149.591
150.023
150.456
150.889
151.323
151.758
152.193
152.483
152.775
152.993
153.139
153.211
153.284
153.284
153.211
153.139
152.993
152.775
152.483
152.265
151.976
151.613
151.323
151.034
150.745
150.456
150.168
149.951
149.807
149.591
149.375
149.160
148.873
148.729
148.657
148.514
148.299
148.083
147.869
147.726
147.726
147.655
147.583
147.583
147.583
147.512
147.440
147.369
147.297
147.297
147.083
146.726
146.583
146.441
146.228
146.015
145.802
145.660
145.517
145.375
145.163
144.950
144.809
144.667
144.667
144.667
144.526
144.384
144.314
144.243
144.243
144.243
144.031
143.889
143.819
143.678
143.678
143.748
143.678
143.607
143.537
143.467
143.396
143.326
143.255
143.115
143.115
143.115
143.044
143.044
143.115
143.255
143.326
143.326
143.396
143.467
143.467
143.537
143.678
143.819
143.960
144.102
144.314
144.455
144.597
144.950
145.162
145.375
145.660
145.944
146.299
146.584
146.869
147.155
147.369
147.512
147.583
147.583
147.655
147.655
147.655
147.655
147.512
147.440
147.297
147.155
147.083
147.012
147.012
146.940
146.869
146.869
146.869
147.012
147.226
147.369
147.583
147.797
148.012
148.299
148.514
148.657
148.801
148.944
149.088
149.160
149.160
149.088
149.088
149.016
148.801
148.657
148.514
148.442
148.370
148.299
148.299
148.227
148.083
147.940
147.869
147.797
147.655
147.512
147.440
147.297
147.012
146.798
146.584
146.299
146.015
145.660
145.375
145.163
144.950
144.809
144.597
144.243
143.889
143.678
143.467
143.255
143.044
142.763
142.482
142.131
141.851
141.571
141.151
140.801
140.523
140.174
139.826
139.617
139.409
139.201
138.993
138.785
138.646
138.508
138.369
138.231
138.231
138.300
138.369
138.369
138.369
138.508
138.508
138.508
138.577
138.577
138.577
138.646
138.785
138.924
139.201
139.548
139.826
140.105
140.383
140.592
140.732
140.941
141.151
141.221
141.221
141.291
141.361
141.361
141.431
141.431
141.431
141.501
141.571
141.711
141.851
141.921
142.061
142.341
142.622
142.833
142.974
143.185
143.467
143.678
143.819
144.031
144.243
144.314
144.314
144.243
144.172
144.172
144.031
143.819
143.678
143.537
143.396
143.255
143.115
142.974
142.904
142.833
142.693
142.622
142.622
142.763
142.974
143.044
143.185
143.467
143.748
144.102
144.455
144.879
145.233
145.517
145.944
146.370
146.655
146.940
147.369
147.726
147.940
148.227
148.657
149.088
149.375
149.663
150.096
150.384
150.672
151.034
151.251
151.541
151.831
152.048
152.265
152.411
152.702
152.993
153.211
153.357
153.503
153.794
154.086
154.306
154.379
154.525
154.818
155.037
155.330
155.624
155.771
155.918
156.212
156.506
156.727
157.022
157.317
157.539
157.686
157.908
158.129
158.203
158.277
158.277
158.203
158.203
158.203
158.203
158.203
158.203
158.277
158.351
158.351
158.277
158.203
158.277
158.277
158.203
158.277
158.351
158.351
158.426
158.500
158.426
158.277
158.129
157.982
157.760
157.539
157.391
157.243
157.096
156.874
156.579
156.359
156.212
156.065
155.844
155.698
155.551
155.330
155.257
155.110
154.964
154.891
154.745
154.598
154.525
154.452
154.306
154.233
154.159
154.013
154.013
154.013
153.940
153.867
153.867
153.867
153.794
153.867
154.013
154.086
154.086
154.159
154.306
154.452
154.525
154.525
154.598
154.598
154.452
154.452
154.452
154.306
154.159
154.086
153.940
153.794
153.721
153.503
153.357
153.284
153.139
152.993
152.920
152.847
152.702
152.556
152.338
152.120
151.903
151.686
151.468
151.251
151.106
150.889
150.745
150.600
150.312
150.096
149.807
149.447
149.160
148.801
148.370
148.012
147.726
147.369
147.012
146.726
146.512
146.228
145.802
145.517
145.234
144.950
144.667
144.314
144.031
143.819
143.537
143.255
143.044
142.763
142.482
142.271
142.061
141.851
141.641
141.431
141.291
141.151
141.081
141.011
140.941
140.941
140.941
140.871
140.801
140.801
140.732
140.732
140.801
140.871
140.941
141.081
141.361
141.641
142.061
142.552
143.044
143.749
144.526
145.234
146.015
146.798
147.583
148.442
149.304
150.096
150.817
151.541
152.193
152.775
153.284
153.648
154.086
154.525
154.891
155.477
156.138
156.949
157.982
159.019
160.283
161.627
162.901
164.180
165.312
166.448
167.436
168.351
169.344
170.110
170.802
171.494
172.110
172.728
173.270
173.734
174.278
174.899
175.366
175.833
176.223
176.457
176.613
176.692
176.770
176.692
176.770
176.926
176.926
176.926
177.005
177.083
177.318
177.553
177.709
177.944
178.258
178.651
179.044
179.516
179.989
180.383
180.699
181.094
181.490
181.807
181.966
181.966
181.966
181.886
181.649
181.331
181.015
180.699
180.383
180.068
179.673
179.201
178.887
178.651
178.415
178.179
177.866
177.709
177.553
177.239
177.005
176.848
176.613
176.301
176.067
175.833
175.444
175.054
174.743
174.433
174.045
173.579
173.115
172.806
172.651
172.419
172.265
172.188
172.110
172.110
172.188
172.265
172.342
172.497
172.651
172.728
172.960
173.347
173.657
173.967
174.355
174.899
175.366
175.755
176.301
176.770
177.161
177.631
177.944
178.258
178.730
179.201
179.594
179.831
180.147
180.620
181.174
181.886
182.680
183.714
184.910
186.271
187.959
189.573
191.274
193.146
194.945
196.670
198.402
200.058
201.471
202.805
204.228
205.486
206.412
207.255
208.184
209.031
209.539
209.964
210.218
210.473
210.813
210.983
211.069
211.069
211.069
211.154
211.239
211.410
211.750
212.091
212.518
213.117
213.887
214.658
215.517
216.550
217.412
218.190
218.882
219.489
220.183
220.791
221.313
221.836
222.272
222.620
223.057
223.495
223.845
224.107
224.282
224.457
224.896
225.335
225.686
226.037
226.213
226.565
226.829
226.917
227.006
226.829
226.389
225.862
225.071
223.932
222.447
220.705
218.710
216.292
213.716
210.984
208.185
205.571
203.057
200.723
198.568
196.752
195.192
193.718
192.575
191.680
191.030
190.543
190.138
189.896
189.815
189.734
189.572
189.410
189.329
189.329
189.087
188.764
188.603
188.522
188.603
188.925
189.734
190.950
192.413
194.209
196.095
197.907
199.809
201.638
203.223
204.647
205.907
206.917
207.677
208.269
208.692
209.115
209.539
209.709
209.794
210.049
210.218
210.303
210.473
210.643
210.728
210.813
210.813
210.813
210.898
210.983
210.983
210.898
210.898
211.154
211.495
211.750
211.836
211.921
212.433
213.202
214.316
215.690
217.241
219.316
221.575
223.845
226.126
228.153
230.011
231.519
232.676
233.657
234.283
234.551
234.551
234.283
234.015
233.747
233.300
232.854
232.498
232.142
231.785
231.430
231.163
230.897
230.720
230.631
230.631
230.631
230.453
230.098
229.832
229.655
229.213
228.771
228.417
228.063
227.711
227.446
227.534
227.887
228.063
228.151
228.328
228.859
229.478
229.655
229.832
230.098
230.276
230.542
230.542
230.365
230.276
230.098
229.744
229.301
229.036
228.682
228.240
227.975
227.711
227.358
227.094
227.006
226.829
226.653
226.653
226.829
227.094
227.446
227.975
228.594
229.213
229.744
230.098
230.365
230.631
230.365
229.744
229.036
227.976
226.654
225.072
223.233
221.053
218.710
216.292
213.802
211.325
208.777
206.496
204.563
202.722
201.138
200.058
199.146
198.567
198.649
199.229
200.058
201.055
202.305
203.558
204.731
205.823
206.833
207.846
208.607
209.285
209.964
210.303
210.643
211.069
211.324
211.495
211.665
211.665
211.580
211.580
211.580
211.665
211.921
212.518
213.373
214.487
216.206
218.537
221.402
224.458
227.712
231.076
234.195
237.153
239.857
242.394
244.578
246.222
247.780
249.157
250.262
251.185
251.739
252.109
252.294
252.479
252.850
253.220
253.405
253.591
254.148
254.984
255.821
256.567
257.593
258.903
260.309
262.095
264.738
268.058
272.068
276.682
281.430
285.820
289.060
291.229
292.118
291.920
290.636
288.076
284.842
281.040
276.779
272.451
268.154
263.794
259.654
256.288
253.406
250.909
248.882
246.954
245.399
243.576
241.486
239.405
237.063
234.552
232.053
229.568
227.094
224.809
222.535
220.357
218.363
216.464
214.573
212.690
210.644
208.608
206.749
204.731
202.889
201.222
199.643
198.154
196.834
196.094
195.437
194.781
194.535
194.371
194.126
194.126
194.126
194.044
194.044
194.126
194.290
194.453
194.699
194.863
194.863
194.945
194.945
194.781
194.699
194.699
194.535
194.290
194.208
194.290
194.371
194.208
193.880
193.636
193.309
192.657
191.843
191.111
190.462
189.815
189.329
188.925
188.845
189.006
189.329
190.058
191.193
192.739
194.700
196.917
198.899
200.806
202.555
204.145
205.739
207.086
208.015
208.861
209.709
210.559
211.495
212.177
212.945
213.801
214.658
215.431
216.206
217.067
217.671
218.190
218.536
218.882
219.142
219.228
219.142
218.796
218.536
218.363
218.017
217.412
216.809
216.291
215.689
215.002
214.401
213.801
213.373
213.117
212.774
212.603
212.689
212.860
213.031
213.288
213.544
213.801
214.058
214.315
214.572
214.744
214.830
214.830
214.830
214.916
215.002
215.002
214.830
214.830
215.002
215.002
214.744
214.658
214.830
214.830
214.830
214.744
214.744
214.830
214.916
215.088
215.174
215.431
215.775
216.205
216.981
217.671
218.363
219.316
220.270
221.052
221.836
222.446
223.145
223.757
224.194
224.720
225.071
225.422
225.686
226.037
226.389
226.653
227.006
227.446
227.975
228.594
229.478
230.542
231.341
232.142
233.211
234.194
234.998
235.984
236.882
237.512
238.052
238.683
239.314
239.585
240.037
240.489
240.489
240.398
240.308
239.766
238.953
238.142
236.973
235.715
234.462
233.122
231.786
230.365
228.859
227.446
226.301
225.072
224.020
223.145
222.097
221.574
221.226
220.704
220.357
219.923
219.575
219.488
219.488
219.402
219.142
218.882
218.796
218.796
218.796
218.796
218.709
218.623
218.623
218.709
218.796
218.623
218.536
218.536
218.450
218.363
218.277
218.277
218.277
218.363
218.536
218.709
219.142
219.923
220.966
222.360
224.020
226.038
228.506
231.342
234.463
237.873
241.578
245.309
249.159
253.315
257.408
261.155
264.833
268.248
271.110
273.793
276.392
278.518
280.262
281.817
282.888
283.766
284.743
285.427
285.917
286.309
286.309
286.309
286.505
286.799
287.388
288.469
289.848
291.328
292.811
294.000
294.893
295.489
295.687
295.588
295.191
294.396
293.603
292.514
291.327
290.143
288.961
288.174
287.094
286.015
285.232
284.645
284.156
283.766
283.571
283.278
283.181
283.376
283.473
283.571
283.571
283.376
282.791
281.525
280.262
278.711
277.067
275.813
274.465
273.121
271.875
270.822
269.772
268.914
268.247
267.487
266.822
266.252
265.684
265.210
264.643
263.887
263.131
262.377
261.530
260.590
259.652
258.622
257.314
256.008
254.612
253.220
252.017
251.000
250.447
250.355
251.000
252.387
254.241
256.287
258.341
260.121
261.342
262.001
262.189
261.907
261.060
259.933
258.716
257.220
255.821
254.984
254.426
254.334
255.077
256.287
257.967
259.840
261.907
263.981
265.874
267.677
269.105
270.441
271.492
272.545
273.600
274.176
274.657
275.042
275.427
275.620
275.524
275.331
274.657
273.504
271.971
270.250
268.343
266.064
263.604
261.437
259.933
258.809
257.780
257.313
257.126
257.033
257.219
257.406
257.687
258.248
258.809
259.277
259.840
260.684
261.718
262.660
263.792
264.832
265.589
266.442
267.202
267.772
268.152
268.057
267.677
266.633
264.738
262.096
258.810
255.171
251.094
247.048
243.031
239.045
235.447
232.410
230.099
228.859
229.213
231.520
235.807
242.126
250.269
259.378
268.730
277.458
284.844
290.638
294.994
297.980
299.377
299.477
299.077
298.179
296.385
294.199
292.020
290.045
288.175
286.310
284.939
283.669
282.109
280.845
280.067
279.582
279.195
279.098
279.389
279.873
280.456
281.136
282.012
282.986
283.864
284.645
285.526
286.309
287.094
287.879
288.371
288.863
289.256
289.354
289.354
289.059
288.371
287.388
285.918
284.157
282.304
280.165
278.034
275.910
273.985
272.163
270.345
268.914
267.677
266.632
265.968
265.684
265.873
266.537
267.487
268.438
269.391
270.440
271.396
272.545
273.600
274.465
275.331
275.909
276.391
276.874
277.260
277.550
277.839
278.033
278.226
278.904
279.874
280.942
282.109
283.571
285.036
286.506
288.076
289.355
290.636
291.722
292.415
293.108
293.702
293.801
293.999
294.099
294.198
294.396
294.099
293.504
293.009
292.613
292.118
291.426
290.537
289.847
289.354
288.863
288.567
288.666
288.863
289.453
290.340
291.130
292.118
293.207
294.198
294.893
295.389
295.687
295.588
295.389
295.191
294.794
294.396
294.198
293.999
293.603
293.108
292.910
292.712
292.514
292.415
292.316
292.217
292.118
292.316
292.811
293.504
294.496
295.389
296.584
297.979
298.977
299.777
300.378
300.779
300.779
300.679
300.779
300.979
301.079
301.179
301.380
301.179
300.378
299.178
297.581
295.391
292.811
290.143
287.585
285.331
283.474
282.109
281.136
280.262
279.486
278.711
277.357
275.621
273.601
271.110
268.153
264.927
261.532
257.875
254.428
251.002
247.322
243.759
240.400
237.242
234.195
231.431
229.037
226.830
224.984
223.495
222.185
221.139
220.270
219.402
218.796
218.363
217.844
217.412
216.981
216.636
216.205
215.689
215.345
214.916
214.658
214.487
214.143
213.801
213.544
213.373
213.202
213.117
213.031
212.860
212.603
212.262
212.177
212.177
212.091
212.177
212.433
212.603
212.860
213.202
213.459
213.630
213.886
214.229
214.401
214.572
214.744
214.830
214.916
215.088
215.174
215.259
215.431
215.689
215.947
216.205
216.378
216.550
216.895
217.240
217.498
217.757
217.930
218.017
218.103
218.277
218.363
218.363
218.450
218.450
218.536
218.536
218.450
218.536
218.623
218.709
218.796
218.969
219.402
220.096
220.878
221.487
222.010
222.796
223.582
224.194
224.896
225.510
226.213
227.094
228.241
229.567
230.986
232.766
234.551
236.344
238.052
239.495
240.852
242.030
243.120
244.213
245.217
246.222
247.505
248.698
249.618
250.631
251.740
252.942
253.962
254.891
256.101
257.220
258.248
259.465
260.779
261.907
262.849
263.698
264.359
264.926
265.400
265.684
265.873
265.873
265.779
265.968
266.347
266.727
267.487
268.628
270.059
271.971
274.274
276.585
278.808
280.845
282.499
283.571
284.352
284.743
284.645
284.645
284.254
283.571
282.888
282.012
281.039
280.068
278.808
276.970
274.946
272.737
270.250
267.678
264.927
262.284
259.840
257.407
255.171
253.406
251.740
250.079
248.790
247.871
247.046
246.588
246.405
246.679
247.688
249.066
250.909
253.036
255.543
258.154
260.591
262.849
264.833
266.633
268.248
269.486
270.440
271.205
271.779
272.545
273.312
273.504
273.600
273.792
273.888
274.176
274.272
274.176
274.176
274.176
274.272
274.369
274.272
274.176
274.176
274.176
274.176
273.984
273.888
274.080
273.984
273.984
274.176
274.080
273.984
273.792
273.312
273.025
272.929
272.929
272.929
272.737
272.641
272.641
272.641
272.929
273.025
272.833
272.067
270.536
268.534
265.590
261.814
257.409
252.666
248.057
243.850
240.671
239.043
239.224
241.487
245.401
250.727
256.943
263.418
269.679
275.430
280.652
285.136
289.061
292.416
295.490
298.979
303.089
307.932
313.218
318.439
323.286
327.227
330.145
331.817
331.817
330.771
328.997
326.395
323.182
319.468
315.465
311.383
306.819
301.884
297.083
292.120
287.193
282.306
277.262
272.547
268.249
264.077
260.029
256.475
253.406
250.540
247.780
245.217
242.939
240.762
238.593
236.344
234.104
232.053
230.276
228.682
227.270
225.950
224.721
223.670
222.795
222.097
221.400
220.617
220.096
219.662
219.142
218.709
218.277
217.930
217.412
216.895
216.464
216.119
215.947
215.689
215.345
215.002
214.744
214.572
214.401
214.401
214.487
214.572
215.002
215.861
217.327
219.403
222.099
225.512
229.303
233.481
237.783
241.760
245.218
248.148
250.447
251.739
252.479
252.757
252.572
252.294
251.831
251.185
250.631
250.262
249.986
249.801
249.801
249.617
249.617
249.801
249.525
249.433
249.433
249.066
248.422
247.779
247.046
246.222
245.582
244.669
243.484
242.484
241.758
241.214
240.580
239.856
239.133
238.592
238.052
237.062
236.074
235.178
234.015
232.943
231.875
230.897
230.099
229.301
228.594
228.063
227.534
227.182
227.182
227.358
227.799
228.417
229.301
230.453
231.965
233.479
234.999
236.523
237.692
238.773
240.037
241.214
242.212
243.393
244.760
246.497
248.331
250.171
252.202
254.055
255.822
257.500
258.809
260.027
261.342
262.283
262.943
263.509
263.792
264.170
264.548
264.642
264.642
264.642
264.642
264.642
264.453
264.548
264.831
264.926
265.116
265.494
266.063
266.442
267.107
268.057
268.819
269.486
270.058
270.631
271.205
271.587
271.970
272.641
273.312
273.792
274.465
275.139
275.331
275.139
274.561
273.504
272.067
270.250
268.058
265.969
263.793
261.625
259.933
258.528
257.313
256.287
255.263
254.426
253.869
253.313
252.942
252.942
252.850
252.850
253.220
253.591
254.055
254.519
255.077
255.914
256.567
257.126
257.967
258.903
259.840
261.061
262.472
263.792
264.832
266.063
267.487
268.438
269.200
269.867
270.440
270.727
270.727
270.345
269.486
268.533
267.487
266.632
266.442
267.107
268.915
271.492
274.659
278.615
282.890
287.095
291.230
295.093
298.579
301.582
304.195
306.616
308.842
310.670
312.196
313.317
313.930
314.441
314.850
314.748
314.543
314.441
313.726
312.910
312.094
311.076
309.654
308.032
306.413
304.396
302.585
300.979
299.078
297.182
295.390
293.703
291.921
290.045
288.273
286.408
284.548
282.888
281.234
279.777
278.711
277.453
276.198
275.331
274.754
274.081
273.312
272.545
271.683
270.918
270.249
269.391
268.533
267.962
267.297
266.537
265.684
264.832
264.170
263.509
262.660
261.813
260.779
259.652
258.435
257.127
255.729
254.241
252.850
251.555
250.539
249.434
248.238
247.138
246.039
244.851
243.484
241.940
240.309
238.413
236.613
234.910
233.390
231.965
230.542
229.478
228.417
227.534
226.917
226.477
226.213
226.037
225.862
225.686
225.510
225.247
225.071
224.896
224.632
224.457
224.107
223.757
223.495
223.057
222.795
222.620
222.446
222.359
222.185
222.010
221.662
221.313
221.313
221.139
220.878
220.530
220.096
219.923
219.575
219.315
219.142
218.796
218.363
217.930
217.671
217.326
216.895
216.636
216.464
216.205
216.033
216.033
216.033
216.033
216.033
216.119
216.205
216.205
216.205
216.119
216.119
216.119
215.947
215.775
215.689
215.689
215.689
215.689
215.689
215.775
215.860
215.860
215.689
215.603
215.603
215.517
215.259
215.088
215.174
215.088
214.830
214.658
214.487
214.229
214.058
213.972
213.886
213.886
213.972
214.058
214.229
214.658
215.517
216.550
218.018
220.097
222.360
224.809
227.535
230.366
233.301
236.344
239.225
241.940
244.579
247.230
249.987
252.758
255.357
257.594
259.465
261.343
263.037
264.359
265.494
266.537
267.392
267.962
268.342
268.437
268.628
269.105
269.295
269.295
269.772
270.249
270.440
270.727
271.109
271.492
271.874
272.161
272.641
273.312
273.984
274.850
276.006
277.357
278.711
280.068
281.330
282.791
284.254
285.624
286.799
287.683
288.567
289.256
289.551
289.650
289.748
289.551
288.961
288.371
287.781
286.898
286.015
285.232
284.254
283.181
282.206
281.136
279.874
278.614
277.453
276.199
274.850
273.696
272.545
271.683
271.013
270.344
270.153
270.058
270.058
270.249
270.535
270.918
271.109
271.300
271.683
272.066
272.545
273.025
273.696
274.369
275.042
275.812
276.294
276.970
277.937
279.001
280.651
282.596
284.450
286.800
289.454
291.723
293.802
295.888
297.381
298.378
299.277
299.777
300.278
300.979
301.480
301.881
302.183
302.585
303.087
303.489
303.690
303.791
303.992
304.295
304.194
303.791
303.489
303.087
302.585
301.982
301.280
300.578
299.977
299.277
298.478
297.879
297.480
297.081
296.683
296.384
295.986
295.588
295.191
294.595
293.999
293.306
292.712
292.019
291.228
290.636
290.143
289.650
289.158
288.764
288.469
288.075
287.682
287.094
286.211
285.232
284.157
283.083
281.914
280.747
279.873
279.195
278.614
278.130
277.550
276.970
276.295
275.620
275.139
274.657
273.984
273.216
272.353
271.396
270.536
269.677
268.819
268.057
267.297
266.632
265.968
265.021
264.170
263.415
262.660
261.907
261.154
260.496
259.840
259.183
258.528
258.061
257.593
256.753
255.728
254.891
254.055
253.220
252.572
251.832
251.093
250.631
250.262
249.894
249.525
249.249
248.974
248.790
248.606
248.238
247.871
247.412
246.954
246.496
245.856
245.125
244.395
243.393
242.212
240.852
239.315
237.782
236.074
234.104
232.142
230.276
228.329
226.566
225.072
223.582
222.272
220.879
219.576
218.623
217.585
216.722
216.119
215.603
215.088
214.658
214.487
214.401
214.229
214.058
213.801
213.544
213.288
212.945
212.689
212.347
211.836
211.495
211.154
210.728
210.388
210.134
209.879
209.454
209.200
208.946
208.692
208.522
208.269
208.184
208.184
208.353
208.522
208.607
208.861
209.200
209.539
209.709
209.879
210.134
210.388
210.473
210.558
210.813
210.898
211.069
211.410
211.665
212.006
212.433
212.945
213.630
214.401
215.259
216.206
217.067
217.844
218.796
219.749
220.530
221.313
222.272
223.232
224.458
226.038
227.711
229.568
231.520
233.212
234.731
236.164
237.152
237.602
237.692
237.422
236.792
235.984
234.909
233.925
233.033
232.053
231.252
230.542
229.921
229.301
228.682
228.328
228.063
227.711
227.446
227.358
227.182
226.917
226.829
226.829
226.829
226.917
227.006
227.358
228.064
228.859
229.655
230.453
231.430
232.498
233.300
233.836
234.372
234.730
234.819
234.730
234.462
233.925
233.122
232.231
231.341
230.542
230.009
229.567
229.124
228.859
228.859
229.036
229.213
229.390
229.655
230.098
230.453
230.631
230.897
231.075
231.252
231.608
231.785
231.964
232.320
232.765
233.300
234.015
234.819
235.626
236.433
237.062
237.782
238.412
238.863
239.405
239.585
239.676
239.947
240.218
240.579
240.851
241.123
241.667
242.211
242.665
243.029
243.302
243.393
243.302
243.211
243.120
242.847
242.484
242.484
242.484
242.484
242.847
243.666
244.760
246.223
248.239
250.632
253.036
255.450
258.061
260.497
262.472
264.265
265.968
267.297
268.152
268.723
269.009
268.914
268.533
268.152
267.772
267.107
266.347
265.589
264.926
264.264
263.603
263.037
262.377
261.813
261.436
261.060
260.778
260.402
260.027
259.840
259.558
259.183
259.089
258.996
258.902
258.902
258.715
258.622
258.528
258.435
258.341
258.154
258.154
258.248
258.154
258.061
258.061
258.061
258.154
258.248
258.435
258.715
258.715
258.809
258.995
258.995
259.089
259.183
259.277
259.277
258.996
258.435
257.687
256.940
256.008
254.984
253.962
252.850
251.740
250.816
250.078
249.433
248.882
248.238
247.779
247.504
247.138
246.771
246.313
245.764
245.399
244.943
244.304
243.757
243.211
242.665
242.121
241.758
241.395
241.123
241.123
241.032
240.851
240.670
240.579
240.308
240.127
240.127
240.037
240.037
240.037
240.127
240.037
239.856
239.856
239.947
239.947
239.947
240.037
240.037
240.037
240.037
239.856
239.495
239.043
238.502
237.872
236.972
235.984
234.909
233.569
232.231
230.986
229.744
228.417
227.006
225.686
224.458
223.232
222.010
220.792
219.836
218.969
218.103
217.326
216.636
216.291
215.947
215.517
215.259
215.002
214.830
214.744
214.744
214.744
214.572
214.744
215.002
215.259
215.689
216.119
216.464
216.809
217.153
217.585
218.103
218.536
219.142
219.662
220.096
220.530
220.965
221.400
221.749
222.359
222.970
223.582
224.458
225.247
226.126
227.182
228.241
229.124
229.833
230.631
231.430
232.142
232.854
233.389
233.657
234.015
234.462
235.088
235.805
236.343
236.792
237.241
237.692
238.232
238.682
238.862
239.133
239.405
239.495
239.585
239.766
239.856
239.856
239.856
239.856
239.947
240.037
239.947
239.856
239.766
239.495
239.314
239.314
239.224
239.224
239.495
239.947
240.398
240.942
241.576
242.211
243.302
244.486
245.308
246.130
246.954
247.596
248.238
248.882
249.341
249.802
250.170
250.355
250.355
250.447
250.355
250.170
250.078
249.801
249.249
248.606
247.963
247.138
246.313
245.490
244.760
243.940
243.211
242.847
242.393
241.939
241.758
241.667
241.576
241.486
241.486
241.576
241.758
241.758
241.849
241.939
241.939
241.939
241.939
241.939
241.939
241.939
242.030
242.302
242.756
243.575
244.669
246.406
248.790
251.463
254.242
257.314
260.497
263.699
267.013
270.154
273.121
275.717
278.131
279.971
281.331
282.791
283.668
284.254
285.036
285.623
286.211
287.094
288.371
289.650
290.834
292.019
292.811
293.405
293.900
294.297
294.794
295.191
295.887
297.281
298.778
300.779
303.188
305.808
308.843
311.891
314.953
317.720
320.291
322.871
324.942
326.499
327.538
328.371
329.414
330.353
331.608
333.388
335.173
336.963
338.756
340.341
341.612
342.460
342.884
343.097
343.203
343.203
343.097
343.097
343.203
342.991
342.460
341.930
341.612
340.976
340.024
339.284
338.439
337.489
336.541
335.489
334.543
333.493
332.445
331.294
329.727
328.267
327.018
325.357
323.388
321.528
319.878
318.130
316.283
314.441
312.604
310.568
308.032
305.304
302.284
298.979
295.788
292.515
288.962
285.331
281.720
278.324
274.851
271.588
268.534
265.401
262.661
260.216
257.780
255.450
253.406
251.740
250.263
248.790
247.413
246.313
245.490
244.851
244.395
243.939
243.393
243.029
242.665
242.302
242.121
241.939
241.758
241.576
241.395
241.304
241.576
242.302
243.393
244.669
246.314
248.331
250.447
252.757
255.078
257.221
259.372
261.625
263.603
265.400
267.202
268.914
270.536
271.971
273.216
274.369
275.235
275.620
275.620
275.042
274.369
273.696
272.833
271.970
271.205
270.536
270.058
269.581
269.200
269.105
268.723
268.152
267.962
267.867
267.487
267.297
267.487
267.962
268.723
269.486
270.441
271.587
272.545
273.600
274.850
276.102
277.357
278.420
279.195
280.262
281.330
282.011
282.888
284.059
285.134
286.211
287.487
288.961
290.439
291.723
293.009
294.396
295.589
296.584
297.680
299.078
300.278
301.179
302.283
303.389
304.295
305.101
305.908
306.514
306.817
307.020
307.525
307.930
307.829
307.930
308.234
308.437
308.538
308.842
309.349
309.552
309.755
310.060
310.161
310.365
310.568
310.466
310.466
310.568
310.466
310.466
310.466
310.263
309.958
309.552
309.045
308.538
307.930
307.222
306.615
305.807
305.000
304.396
303.691
302.987
302.384
301.681
300.879
300.178
299.377
298.678
298.178
297.580
297.181
296.882
296.783
296.882
296.683
296.584
296.384
295.986
295.588
294.595
293.108
291.130
288.764
286.114
283.084
279.875
276.778
274.178
272.258
271.109
270.727
271.205
272.450
274.370
276.681
279.292
281.818
284.158
286.506
288.764
290.834
292.613
294.496
296.385
298.079
299.978
301.882
303.692
305.505
307.020
308.437
309.959
311.076
311.993
313.216
314.441
315.463
316.488
317.616
318.541
319.260
319.878
320.496
321.115
321.424
321.527
321.940
322.457
322.767
322.871
323.491
324.423
325.045
326.083
327.643
329.101
330.876
333.074
335.069
337.068
339.179
341.083
343.098
345.331
347.571
349.602
351.317
352.820
354.003
354.973
355.512
355.619
355.619
355.727
355.943
355.943
356.267
356.807
357.239
357.996
358.862
360.271
362.008
363.531
364.621
365.166
365.384
365.057
364.402
363.205
361.573
360.054
358.321
356.591
354.650
352.713
350.674
348.211
345.544
342.567
339.707
336.963
334.124
331.190
328.372
325.876
323.492
320.909
318.130
315.158
312.298
309.148
305.505
301.782
297.880
294.001
290.144
286.310
282.889
279.681
276.681
274.081
271.684
269.486
267.677
265.969
264.359
262.943
261.436
260.027
258.716
257.500
256.474
255.635
255.262
255.449
256.380
257.874
259.371
261.155
263.604
266.823
271.111
276.201
281.820
287.292
291.624
294.993
297.581
299.277
299.977
299.977
299.078
297.381
294.894
292.020
289.159
286.114
283.084
280.359
278.034
276.006
274.178
272.641
271.492
270.440
269.581
268.914
268.342
267.867
267.772
267.677
267.582
267.867
268.247
268.819
269.581
270.345
271.205
272.162
273.121
273.888
274.369
274.657
274.657
274.561
274.465
274.272
273.792
273.312
272.929
272.353
271.874
271.396
270.918
270.535
270.153
269.867
269.677
269.581
269.581
269.391
269.200
269.105
269.105
269.105
269.105
268.914
269.009
269.391
269.391
269.772
270.058
270.249
270.535
270.631
270.727
270.822
270.822
270.918
271.013
271.013
271.013
270.918
271.013
271.109
271.205
271.300
271.300
271.300
271.779
272.737
273.985
276.199
279.390
283.085
287.194
291.526
295.689
299.678
303.591
306.818
309.553
311.993
313.522
314.543
315.566
316.385
316.795
316.795
316.898
317.001
316.693
316.283
315.975
315.668
315.361
315.054
314.748
314.645
314.441
314.441
314.850
315.259
315.566
315.975
316.693
317.308
317.924
318.541
318.952
319.363
319.672
319.569
319.363
319.158
318.746
318.027
317.308
316.590
315.566
314.645
313.624
312.298
310.975
309.451
307.829
306.212
304.496
302.685
300.979
299.478
298.079
296.783
295.688
294.794
293.801
293.207
292.712
292.217
292.019
292.019
292.118
292.415
293.009
293.702
294.595
295.589
296.584
297.580
298.578
299.377
300.178
300.879
301.280
301.781
302.082
301.681
301.480
301.179
300.278
299.178
298.079
296.982
295.787
294.694
293.603
292.613
291.722
291.031
290.636
290.143
289.748
289.650
289.354
289.453
290.044
290.636
291.130
291.722
292.514
293.405
294.496
295.489
296.384
297.181
297.979
298.778
299.678
300.779
301.681
302.384
303.288
304.496
305.403
306.211
307.020
307.931
309.045
310.568
312.706
314.952
317.514
320.703
324.010
327.123
330.459
333.494
336.226
338.862
341.189
343.204
345.225
347.250
348.746
349.816
350.244
350.137
349.388
348.425
347.144
345.437
343.523
341.401
339.390
337.174
334.964
332.865
330.458
327.956
325.772
324.009
322.561
321.321
320.496
319.775
319.158
318.541
317.616
316.590
315.361
313.930
312.502
311.076
309.451
307.931
306.212
304.295
302.585
300.779
298.978
297.182
295.390
293.703
292.217
290.735
289.158
287.487
285.624
283.669
281.817
279.971
277.937
275.910
273.985
272.354
270.918
269.391
267.962
266.822
265.779
264.926
264.170
263.415
262.942
262.565
262.189
262.095
262.001
261.813
261.718
261.718
261.718
261.342
261.154
261.154
261.060
261.060
261.060
261.060
261.154
261.154
261.248
261.436
261.436
261.624
261.813
261.813
261.813
262.001
262.095
262.095
262.283
262.471
262.377
262.377
262.471
262.283
262.189
262.283
262.377
262.377
262.283
262.189
262.001
261.813
261.718
261.624
261.624
261.813
262.095
262.755
264.076
265.684
267.487
269.486
271.779
274.178
276.296
278.324
280.068
281.720
283.571
285.232
286.898
288.469
289.650
290.834
292.118
293.207
294.198
294.794
295.290
296.086
296.584
296.882
297.181
297.380
297.579
297.879
298.079
298.478
299.077
299.577
300.278
301.280
302.082
302.786
303.691
304.698
305.605
306.009
306.716
307.424
307.930
308.640
309.045
309.349
309.755
309.958
310.161
310.568
310.873
311.280
311.788
312.094
312.400
312.910
313.216
313.521
313.827
313.930
314.032
314.134
314.134
314.032
313.930
313.725
313.317
312.502
311.585
310.670
309.552
308.741
307.728
306.615
305.606
304.396
303.389
302.283
301.280
300.578
299.877
298.977
298.079
297.281
296.484
295.589
294.694
293.801
293.009
292.316
291.426
290.636
290.044
289.453
288.961
288.567
288.075
287.486
286.898
286.309
285.623
284.841
283.961
282.888
282.011
281.233
280.165
279.292
278.711
278.130
277.453
276.777
276.102
275.620
275.235
274.657
274.080
273.408
272.833
272.353
271.779
271.300
271.109
271.013
270.918
271.109
271.492
271.970
272.641
273.408
274.080
274.946
275.909
276.777
277.646
278.614
279.777
280.942
282.012
282.986
284.059
285.036
286.015
286.996
287.978
289.059
289.847
290.439
291.228
292.217
293.207
293.999
294.992
296.185
297.581
299.378
301.281
303.490
305.808
307.931
309.959
312.197
314.237
315.874
317.514
318.952
320.187
321.218
322.354
323.388
324.112
324.942
325.771
326.394
326.810
327.330
327.850
328.163
328.579
328.997
329.310
329.518
329.727
330.040
330.144
330.144
330.144
330.040
329.831
329.727
329.518
328.892
328.163
327.434
326.499
325.564
324.527
323.595
322.767
321.734
320.394
318.952
317.309
315.362
313.318
310.874
308.133
305.203
301.983
298.878
296.186
293.703
291.229
288.764
286.408
284.060
281.720
279.389
277.067
274.946
272.833
270.918
269.105
267.297
265.968
265.021
264.359
263.981
263.981
264.075
264.359
264.642
264.831
265.210
265.494
265.684
265.589
265.400
265.305
265.116
264.926
264.548
263.981
263.603
263.415
263.415
263.320
263.226
263.415
263.509
263.698
264.075
264.359
264.548
264.926
265.210
265.305
265.684
265.779
265.873
266.158
266.252
266.347
266.252
266.158
266.063
266.063
265.873
265.494
265.305
265.021
264.642
264.264
263.887
263.320
262.848
262.471
262.095
261.813
261.530
261.248
261.154
260.966
260.402
260.027
259.840
259.558
259.464
259.371
258.902
258.435
258.061
257.500
257.126
256.846
256.380
256.194
256.194
256.194
256.194
256.474
257.033
257.687
258.435
259.183
259.933
260.496
261.060
261.624
262.283
262.754
262.942
263.415
264.075
264.642
265.021
265.400
265.779
266.063
266.158
266.347
266.917
267.487
268.438
270.537
273.409
276.972
281.332
286.115
291.330
296.685
301.884
306.718
311.078
315.056
318.747
322.045
324.839
327.435
329.832
332.236
334.649
336.858
338.862
340.659
342.567
344.693
346.717
348.425
350.030
351.424
352.498
353.357
353.895
354.219
354.434
354.542
354.326
353.895
353.465
352.713
351.746
350.888
349.923
348.853
347.784
346.823
345.757
344.266
342.673
341.083
339.390
337.384
335.279
333.074
330.667
328.372
325.980
323.182
320.806
318.541
316.181
314.135
311.891
309.959
308.538
307.020
305.605
304.698
304.093
303.892
303.892
304.295
305.202
306.211
307.222
308.335
309.552
310.771
311.891
312.808
313.726
314.748
315.668
316.385
317.001
317.719
318.335
318.643
319.055
319.363
319.672
319.672
319.466
319.055
318.438
318.027
317.411
316.590
315.770
314.952
314.134
313.419
312.910
312.298
311.483
310.975
310.365
309.856
309.755
309.653
309.349
309.146
308.842
308.538
308.437
308.133
307.829
307.727
307.626
307.525
307.222
306.716
306.211
305.504
304.698
303.992
303.188
302.484
301.882
301.179
300.378
299.477
298.578
297.680
296.982
296.185
295.290
294.496
293.702
292.811
291.920
291.130
290.143
289.158
288.174
287.094
286.309
285.623
284.939
284.352
283.863
283.278
282.791
282.498
281.914
281.330
280.845
280.165
279.486
278.904
278.033
276.970
276.102
275.042
274.080
273.312
272.545
271.779
270.822
269.867
268.724
267.297
265.968
264.549
263.037
261.531
259.746
258.061
256.567
255.077
253.869
252.942
252.109
251.370
250.631
250.078
249.709
249.433
249.249
249.066
249.066
249.157
249.249
249.433
249.709
249.986
250.262
250.631
250.816
250.908
250.908
250.908
250.816
250.447
250.170
249.802
249.249
248.514
247.779
247.229
246.771
246.405
246.039
245.764
245.582
245.399
245.217
245.125
245.125
245.217
245.399
245.399
245.308
245.217
245.034
245.034
245.217
245.217
245.217
245.125
244.851
244.577
244.395
244.304
244.030
243.757
243.393
242.847
242.302
241.667
241.123
240.580
240.127
239.766
239.314
238.953
238.592
238.142
237.782
237.602
237.422
237.241
236.882
236.523
236.433
236.433
236.343
236.343
236.523
236.433
236.254
236.074
235.805
235.805
235.715
235.446
235.267
235.088
234.998
235.177
235.626
236.343
237.152
238.413
240.219
242.122
244.214
246.314
248.607
251.001
253.221
255.264
257.127
258.716
260.027
261.248
262.095
262.943
263.603
263.887
264.453
265.021
265.400
265.779
266.158
266.442
266.536
266.727
266.727
266.536
266.536
266.442
266.727
267.392
268.629
270.632
273.025
276.006
279.390
282.889
286.212
289.257
292.020
294.496
296.882
298.878
300.578
302.284
303.691
304.899
306.009
307.020
308.234
309.248
310.060
310.975
311.687
312.298
312.808
312.910
312.910
312.808
312.706
312.502
312.094
311.585
310.771
310.060
308.944
307.728
306.716
305.404
303.792
302.083
300.478
298.778
296.783
294.595
292.514
290.242
288.076
286.016
283.669
281.623
279.777
277.841
276.102
274.754
273.312
271.875
270.632
269.581
268.819
268.057
267.297
266.442
265.779
265.305
264.831
264.642
264.264
263.981
263.887
263.509
263.226
263.131
262.942
262.660
262.471
262.377
262.377
262.471
262.848
263.603
264.738
266.158
267.677
269.486
271.396
273.121
275.043
277.163
278.904
280.359
281.817
283.083
284.157
285.036
285.819
286.799
287.388
287.486
287.781
288.174
288.469
288.666
288.666
288.764
288.764
288.469
288.371
288.272
287.977
287.584
287.192
286.603
285.819
285.036
284.254
283.473
282.693
281.817
280.942
280.165
279.292
278.323
277.357
276.391
275.235
274.177
273.312
272.449
271.779
271.109
270.345
269.677
268.819
268.247
268.057
267.487
267.107
267.012
266.727
266.536
266.631
266.822
267.012
267.107
267.107
267.202
267.297
267.297
267.392
267.297
267.107
267.107
266.917
266.537
266.252
265.873
265.494
265.021
264.453
263.792
262.849
261.813
260.966
260.121
259.183
258.435
257.500
256.939
256.567
255.914
255.356
254.984
254.705
254.426
254.241
254.148
254.055
253.869
253.591
253.312
253.220
253.035
252.572
252.017
251.554
251.093
250.355
249.434
248.606
247.963
247.412
246.954
246.771
246.679
246.496
246.313
246.313
246.496
246.679
246.863
247.138
247.504
247.871
248.146
248.238
248.422
248.422
248.422
248.514
248.606
248.882
249.249
249.802
250.170
250.539
250.816
251.093
251.185
250.908
250.447
249.618
248.698
247.505
246.131
244.760
242.939
240.762
238.413
235.895
233.391
231.164
229.213
227.623
226.477
225.510
225.071
224.983
224.983
225.159
225.422
225.862
226.213
226.565
226.917
227.094
227.270
227.182
227.006
227.006
227.094
227.182
227.182
227.094
227.270
227.887
228.417
228.947
229.655
230.542
231.786
233.212
234.820
236.703
238.683
241.034
243.576
246.131
248.882
251.463
253.963
256.287
258.529
260.591
262.189
263.698
265.116
266.348
267.392
268.247
269.009
269.677
270.249
270.727
271.013
271.109
271.205
271.300
271.205
271.109
271.013
270.918
270.822
270.535
270.249
270.153
269.963
269.772
269.677
269.486
269.391
269.867
270.822
272.258
274.274
277.165
280.651
284.256
287.978
291.525
294.794
297.680
299.878
301.380
302.484
303.087
303.087
302.886
302.384
301.480
300.779
299.978
298.977
298.178
297.480
296.683
295.887
294.992
294.099
293.108
292.019
290.932
289.651
288.371
287.094
285.917
284.548
282.986
281.525
280.165
279.001
277.840
276.777
275.620
274.561
273.600
272.737
272.066
271.300
270.536
269.963
269.295
268.723
268.532
268.152
267.772
267.487
267.202
267.012
266.822
266.631
266.442
266.063
265.589
265.305
265.116
265.116
265.021
264.737
264.831
265.305
266.253
267.868
270.059
272.642
275.621
278.905
282.110
285.331
288.371
290.932
293.306
295.589
297.780
299.978
301.681
303.087
304.799
306.312
307.728
309.350
310.771
311.993
312.910
313.216
313.216
313.216
314.135
317.002
322.047
329.105
337.705
346.507
354.653
361.467
366.477
369.980
371.957
372.727
372.617
371.847
370.748
369.651
368.555
367.351
366.585
365.821
363.750
360.814
357.781
355.297
353.573
352.713
352.713
353.681
355.404
357.348
359.621
361.682
363.422
364.730
365.493
365.821
365.493
364.512
363.205
361.791
360.054
358.213
356.268
354.327
352.283
349.924
347.464
344.799
341.931
338.651
335.069
331.504
328.268
325.254
322.045
318.953
316.283
313.625
310.874
308.032
304.900
302.083
299.578
296.983
294.496
292.118
289.947
288.174
286.603
285.134
283.961
283.083
282.498
282.011
281.525
281.136
280.747
280.456
280.261
279.970
279.679
279.679
279.776
279.679
279.776
280.261
280.942
281.914
282.986
283.961
284.841
285.918
286.701
287.094
287.584
287.682
287.290
286.799
286.309
285.526
284.645
283.766
282.888
282.012
280.942
279.777
278.904
278.227
277.550
277.067
276.681
276.487
276.681
277.067
277.357
277.743
278.129
278.420
278.614
278.904
279.195
279.292
279.292
279.292
279.195
279.195
279.389
279.582
279.970
280.650
281.817
283.572
285.722
287.782
290.045
292.613
295.092
297.282
299.078
300.478
301.280
301.882
302.384
302.484
302.484
302.484
302.484
302.183
301.881
301.581
301.280
301.280
301.380
301.681
302.183
302.786
303.389
304.295
305.505
306.716
307.728
308.640
309.756
310.975
311.890
312.808
313.623
314.543
315.668
316.590
317.719
318.849
319.878
321.012
322.044
322.871
323.491
324.112
324.423
324.527
324.942
325.356
325.771
326.603
327.538
328.371
329.414
330.562
331.817
332.969
334.228
335.489
336.436
337.278
338.017
338.755
339.495
339.707
339.495
339.601
339.707
339.284
338.966
338.966
339.284
339.707
340.553
341.612
342.142
342.672
343.203
343.522
343.522
343.203
342.672
341.718
340.553
339.495
338.228
336.962
335.804
334.333
333.074
331.922
330.458
328.997
327.642
326.395
325.045
323.698
322.457
321.012
319.672
318.438
317.103
315.873
314.645
313.216
311.789
310.466
308.944
307.425
306.211
305.202
303.993
303.087
302.384
301.380
300.679
300.378
299.977
299.777
299.577
299.177
299.177
299.377
299.577
299.677
300.077
300.478
300.879
301.681
302.484
303.389
304.194
305.000
305.807
306.817
307.829
308.640
309.756
311.076
312.502
314.237
316.078
318.130
320.394
322.561
325.046
327.643
330.145
332.551
334.648
336.858
338.861
340.659
342.780
345.012
347.144
349.174
351.102
352.928
354.865
356.915
358.754
360.271
362.009
363.640
365.385
367.351
368.884
370.419
371.957
373.499
375.153
376.809
378.470
380.022
380.133
378.249
374.602
372.342
372.672
373.278
373.939
374.159
374.380
374.711
374.931
375.152
375.152
375.152
375.373
375.483
375.593
375.925
376.257
376.367
376.257
376.257
376.257
375.925
375.925
375.925
375.704
375.593
375.483
375.152
374.601
374.159
373.498
372.837
372.177
371.298
370.529
369.651
368.336
366.695
363.750
359.621
356.807
355.512
354.326
355.189
354.758
350.782
346.824
341.297
335.175
330.563
326.500
322.975
319.776
317.001
314.952
313.216
311.687
310.365
309.146
307.829
306.514
305.303
303.993
302.585
300.779
299.077
297.680
295.987
294.595
293.603
292.613
291.525
290.735
290.044
289.453
289.059
288.567
288.272
288.075
287.977
287.781
287.388
286.996
286.799
286.603
286.309
286.113
286.015
285.917
285.525
285.525
285.721
285.623
285.525
285.623
285.917
286.309
286.701
287.388
288.469
289.552
290.636
291.921
293.306
294.595
296.186
297.780
299.378
301.281
303.289
305.505
308.032
310.365
312.502
314.543
316.591
318.644
320.394
322.355
324.320
326.188
328.164
330.041
331.922
333.808
335.805
337.806
339.707
341.506
343.417
345.331
346.823
348.104
349.281
350.566
351.423
352.068
352.713
353.143
353.680
354.111
354.219
354.219
354.542
355.188
355.512
355.296
355.188
355.188
355.188
355.188
354.973
354.757
354.650
354.434
354.219
353.895
353.572
353.143
352.713
352.068
351.423
351.102
350.459
349.816
349.494
349.173
349.173
349.387
349.494
349.923
350.244
350.566
351.209
351.853
352.605
353.357
354.003
354.757
355.296
355.727
356.267
356.591
356.915
357.131
357.347
357.347
357.239
357.347
357.131
357.023
356.915
356.591
356.483
356.267
356.051
355.620
355.081
354.757
354.111
353.250
352.390
351.424
350.030
348.318
346.290
344.373
342.355
340.130
338.017
335.805
333.598
331.294
329.205
327.122
324.735
322.664
320.909
318.952
317.103
315.362
313.624
312.094
310.771
309.654
308.640
307.627
306.817
306.211
305.605
304.899
304.295
303.892
303.590
303.389
303.188
303.087
302.886
302.786
303.087
303.590
304.194
305.000
306.009
307.323
308.842
310.162
311.382
312.604
313.828
314.645
315.566
316.693
317.616
318.643
319.775
320.909
322.044
323.077
324.113
325.460
326.810
327.955
329.205
330.562
331.817
332.969
334.333
335.594
336.436
337.489
338.544
339.495
340.447
341.506
342.673
343.628
344.799
345.863
346.930
348.211
349.066
349.816
350.673
351.209
351.531
352.390
353.357
354.111
355.081
356.267
357.455
358.970
360.596
361.682
362.660
363.749
364.730
365.603
366.586
367.460
368.336
369.541
370.858
372.177
373.719
375.263
376.478
377.584
378.691
379.689
380.466
380.910
381.355
381.688
381.688
381.688
381.466
380.355
378.802
377.142
374.932
372.398
369.651
366.805
363.859
360.597
357.024
353.574
350.245
346.824
343.310
339.285
334.754
329.624
323.598
317.311
311.384
305.910
302.083
300.879
302.184
305.708
310.163
314.442
318.028
320.497
321.631
321.631
320.497
318.438
315.976
313.522
310.772
307.729
305.001
302.484
300.178
297.980
295.987
294.298
292.811
291.328
290.044
289.158
288.863
289.158
289.650
290.241
290.834
291.426
291.920
292.019
291.426
290.439
289.060
286.898
284.060
280.943
278.227
276.488
276.391
278.324
282.110
286.899
291.724
296.386
300.179
302.786
304.597
305.605
305.807
305.403
304.597
303.691
302.987
302.283
301.781
301.580
301.480
301.480
301.580
301.781
301.881
301.982
302.183
302.283
302.283
302.283
302.183
302.183
302.384
302.384
302.585
303.087
303.691
304.799
306.211
307.424
308.741
310.670
312.604
314.237
316.181
318.130
319.982
321.941
323.595
325.357
327.122
328.684
330.563
332.341
334.018
335.804
337.700
339.178
340.447
341.930
343.097
344.479
345.650
346.396
347.357
348.318
348.959
349.602
350.244
350.780
351.102
351.531
351.960
352.390
353.143
353.680
354.434
355.081
355.620
356.375
357.131
357.996
358.645
359.295
360.162
361.030
361.682
362.116
362.334
362.442
362.551
362.442
362.008
361.465
361.030
360.705
360.271
359.512
358.537
357.779
356.807
355.620
354.650
353.465
352.068
350.673
349.281
347.784
346.503
345.012
343.098
341.295
339.601
338.017
336.436
334.648
332.760
331.085
329.414
327.643
326.187
325.149
324.320
323.388
322.457
321.527
320.702
320.084
319.672
319.363
319.055
318.952
318.952
319.158
319.260
319.569
319.980
319.980
320.290
320.393
320.290
320.393
320.393
320.393
320.393
320.393
320.393
320.393
320.599
320.806
320.806
320.806
321.115
321.321
321.424
321.837
322.250
322.767
323.491
324.112
324.838
325.771
326.290
326.914
327.955
328.892
329.831
330.562
331.189
332.026
332.969
333.913
334.858
335.594
336.225
337.173
338.017
338.544
339.178
339.918
340.871
341.930
342.991
344.373
345.543
346.716
348.425
350.030
351.424
352.928
354.434
355.404
356.483
357.671
358.429
358.862
359.295
359.728
359.728
359.837
360.162
360.270
360.053
359.945
359.620
358.754
357.564
356.375
354.757
352.928
351.103
348.853
346.503
344.054
341.824
339.918
337.911
336.015
334.019
331.922
329.936
327.851
326.083
324.217
322.148
320.188
318.438
316.898
315.361
314.032
312.502
310.975
309.451
308.133
307.121
305.505
303.792
302.484
301.280
300.178
299.277
298.478
297.779
297.281
296.783
296.185
295.688
295.191
294.595
294.099
293.504
292.712
292.019
291.524
291.031
290.439
289.945
289.354
288.863
288.272
287.682
287.388
286.996
286.799
286.603
286.407
286.211
286.015
285.721
285.330
284.939
284.547
284.156
283.571
282.986
282.596
282.206
281.816
281.330
280.747
280.165
279.486
279.001
278.227
277.550
277.357
277.067
276.584
276.487
276.584
276.294
276.005
275.909
275.716
275.331
274.850
274.561
274.273
273.696
273.312
273.025
272.737
272.449
272.257
272.161
271.970
271.874
271.683
271.492
271.300
271.013
270.727
270.440
270.249
270.058
269.677
269.772
270.631
271.875
273.793
276.585
279.874
283.572
287.487
291.230
294.894
298.479
301.883
304.900
307.931
310.873
313.624
316.284
318.747
321.115
323.802
326.707
329.414
332.027
334.544
337.174
339.813
342.567
345.225
347.571
350.245
352.498
354.650
357.456
359.729
361.465
363.205
364.621
365.930
367.241
368.555
369.980
371.078
371.957
373.058
373.939
374.821
375.704
376.809
378.026
378.691
379.467
380.355
381.355
382.244
383.024
383.469
383.581
383.247
382.356
381.244
379.357
376.810
373.939
371.079
368.227
365.275
362.444
359.513
356.483
353.896
351.747
349.709
347.678
346.076
344.799
343.628
342.779
341.930
341.188
340.764
340.447
340.024
339.495
338.439
336.963
335.069
332.655
329.936
326.915
323.699
320.806
318.541
316.795
315.975
315.668
315.770
316.283
316.693
317.308
318.027
318.232
317.821
317.411
316.898
316.180
315.566
315.054
314.543
313.930
313.521
313.114
312.604
311.992
311.381
310.873
310.161
309.349
308.538
307.829
307.020
306.110
305.403
304.698
303.791
303.087
302.484
301.881
301.280
300.578
300.178
300.077
299.877
299.777
300.077
300.178
300.378
300.879
301.480
302.183
302.987
303.590
304.093
304.899
305.605
306.514
307.424
308.437
309.654
310.873
312.298
313.522
314.748
316.078
317.514
319.158
320.909
323.285
326.084
328.580
331.085
333.493
335.804
338.017
339.707
341.188
342.886
344.586
346.717
348.960
350.781
352.820
354.865
356.915
358.537
360.163
362.117
362.987
363.749
364.729
364.729
364.293
364.076
363.531
362.552
361.465
360.271
358.754
356.915
355.081
353.251
351.103
348.639
346.077
343.417
340.554
337.490
334.229
330.981
327.956
324.942
321.941
318.953
316.283
313.727
311.179
308.741
306.212
303.993
301.983
299.878
297.880
295.888
293.802
291.723
289.946
288.273
286.701
285.232
283.864
282.888
281.720
280.553
279.970
279.389
278.711
278.323
277.840
277.163
276.487
275.620
274.754
273.888
272.737
271.492
270.345
269.295
268.628
267.962
267.582
267.772
267.962
268.247
268.723
269.391
270.058
270.535
270.727
270.535
270.153
269.581
268.723
267.962
267.297
266.442
265.589
264.643
263.792
263.320
262.942
262.471
262.001
261.624
261.436
261.342
261.060
260.871
260.966
260.872
260.778
260.966
261.060
260.966
260.778
260.872
261.060
261.060
261.060
261.154
261.342
261.342
261.436
261.907
262.566
263.415
264.454
265.589
266.727
267.867
269.009
270.154
271.205
271.970
272.449
272.929
273.504
273.888
274.176
274.561
275.139
276.006
276.970
278.421
280.457
282.791
285.428
288.077
290.735
293.505
296.485
299.378
301.883
304.598
307.121
309.655
312.299
314.646
316.898
318.952
321.218
323.284
325.149
326.914
328.685
330.353
331.608
333.179
334.753
336.225
338.017
339.918
341.824
343.735
345.651
347.571
349.495
351.747
354.112
356.268
358.538
361.140
363.858
366.477
368.775
370.639
372.397
373.608
373.939
373.608
373.057
371.848
370.200
368.118
365.930
363.967
361.140
358.213
355.513
352.284
348.960
346.183
342.886
339.284
336.016
332.551
329.206
325.876
322.458
319.159
316.079
313.114
309.959
307.020
304.194
301.381
298.978
296.683
294.298
292.217
290.537
288.764
287.192
285.918
284.645
283.668
282.791
282.011
281.330
280.747
280.553
280.456
280.261
280.164
280.067
279.970
279.873
279.970
279.970
279.970
280.067
279.970
280.067
280.067
279.970
279.970
280.067
280.359
280.553
280.553
280.845
281.525
282.401
283.473
285.135
287.291
289.552
291.723
293.901
296.086
298.179
300.178
301.782
302.987
303.791
304.295
304.698
304.698
304.194
303.690
303.288
302.484
301.581
300.779
299.777
298.578
297.480
296.683
295.986
295.389
294.694
293.999
293.701
293.701
293.999
294.694
295.589
296.484
297.381
298.678
300.078
301.380
302.886
304.194
305.606
307.121
308.234
309.045
309.857
310.568
311.178
311.686
311.890
312.094
312.196
312.094
311.890
311.788
311.483
311.381
311.686
312.400
313.624
315.157
316.898
318.849
321.218
323.388
325.253
327.018
328.163
328.892
329.205
328.788
327.955
327.018
325.564
322.975
319.570
315.567
310.672
304.700
298.281
292.121
286.801
283.084
281.233
281.623
284.255
288.274
292.713
297.283
301.581
304.900
307.222
308.335
308.437
308.031
307.222
306.110
304.899
303.490
302.183
301.079
299.778
298.678
297.879
297.181
296.683
296.185
295.886
295.688
295.389
295.290
295.389
295.489
295.489
295.688
295.886
295.886
295.787
295.787
295.688
295.389
295.290
295.092
294.794
294.595
294.396
294.099
293.702
293.306
293.108
292.910
292.613
292.712
292.910
293.108
293.405
293.702
294.297
294.992
295.588
296.185
296.683
297.181
297.679
297.979
298.178
298.478
298.678
298.778
298.878
298.778
298.578
298.278
297.979
297.580
297.081
296.484
295.886
295.290
294.694
294.198
293.801
293.504
293.009
292.811
292.712
292.316
292.019
291.821
291.623
291.426
291.130
290.735
290.439
290.241
290.044
289.847
289.551
289.059
288.863
288.863
288.666
288.469
288.567
288.863
289.552
290.636
291.723
292.910
294.397
295.887
297.381
299.178
300.979
302.886
304.597
306.212
307.829
309.146
310.263
311.280
312.094
312.604
312.910
313.317
313.623
313.623
313.828
314.134
314.236
314.134
314.032
314.236
314.543
314.748
315.157
315.873
316.693
317.513
318.541
319.878
321.321
322.767
324.113
325.356
326.187
327.122
328.058
328.475
328.892
329.414
329.622
329.414
328.997
328.475
327.850
327.122
326.602
326.083
325.564
325.149
324.942
324.942
324.942
325.149
325.460
325.771
326.395
327.018
327.538
328.580
329.727
330.876
332.236
333.388
334.543
335.594
336.436
336.962
337.278
337.278
337.067
337.067
336.751
336.540
336.330
335.699
335.384
335.068
334.438
333.913
333.598
332.864
331.817
331.189
330.562
329.935
329.310
328.684
328.059
327.538
326.914
326.290
326.083
325.875
325.875
325.875
325.979
326.602
327.122
327.434
327.642
327.746
327.850
327.850
327.642
327.330
327.018
326.602
326.187
325.875
325.564
325.356
325.045
324.734
324.630
324.319
323.905
323.491
323.077
322.560
322.043
321.424
320.599
319.775
319.158
318.746
318.129
317.513
316.898
316.283
315.770
315.054
314.441
313.930
313.419
312.910
312.298
311.788
311.483
311.280
310.873
310.365
309.958
309.451
309.045
308.842
308.741
308.640
308.234
307.930
308.133
308.538
309.045
309.755
310.771
311.891
313.114
314.441
315.669
316.795
318.027
319.055
319.878
320.806
321.218
321.321
321.321
320.806
319.981
319.158
318.027
316.590
315.157
313.624
312.196
310.568
308.741
307.020
305.505
304.094
302.585
301.480
300.478
299.577
298.878
298.278
297.979
297.979
298.278
298.578
298.778
299.277
299.577
299.577
299.577
299.677
299.577
299.277
298.878
298.278
297.879
297.380
296.584
295.291
293.406
290.834
287.389
283.280
278.906
274.563
271.110
268.914
268.342
270.059
273.506
278.132
283.378
288.569
293.109
296.485
298.678
299.477
299.177
298.378
297.381
296.584
296.185
296.185
296.882
297.879
298.977
299.877
300.378
300.578
300.278
299.677
298.578
297.082
295.688
294.199
292.217
290.439
288.764
287.094
285.917
284.645
283.571
282.791
282.108
281.719
281.428
281.136
280.942
280.845
280.747
280.650
280.845
281.039
280.845
280.942
281.136
281.233
281.428
281.719
281.816
281.816
281.913
281.913
282.108
282.206
282.108
282.108
282.206
282.206
282.108
282.303
282.888
283.864
285.232
286.996
289.257
292.218
295.589
299.079
302.787
306.718
310.671
314.340
317.925
321.425
324.839
327.955
330.563
332.760
334.648
336.331
337.806
338.861
339.601
340.447
340.976
341.188
341.400
341.506
341.400
341.188
341.294
341.188
340.976
340.870
340.658
340.553
340.447
340.341
340.130
340.024
340.024
339.812
339.601
339.707
340.024
340.447
341.188
342.248
343.522
344.905
346.076
347.357
348.746
349.709
350.352
350.888
351.102
350.888
350.566
350.030
348.960
348.104
347.463
346.503
345.970
345.437
344.798
344.160
343.309
342.884
342.672
342.142
341.718
341.718
341.506
340.976
340.341
339.707
339.072
338.649
338.122
337.278
336.962
336.751
336.540
336.330
336.015
336.015
335.909
336.015
336.330
336.646
336.857
337.067
337.278
337.278
337.489
337.595
337.595
337.806
337.806
337.489
337.173
336.857
336.225
335.594
334.648
333.808
333.284
332.445
331.608
330.876
330.353
330.144
329.935
329.622
329.310
329.101
328.892
328.579
328.579
328.475
328.475
328.788
329.205
329.727
330.667
331.817
333.179
334.753
336.225
338.017
339.812
341.506
343.629
345.757
347.784
349.816
351.854
354.112
356.700
359.404
361.683
364.076
366.586
368.884
371.189
373.499
375.484
377.474
379.246
380.688
382.579
384.361
385.812
388.049
390.404
392.314
394.341
396.486
398.635
400.222
401.130
401.925
402.493
402.721
403.290
403.632
403.518
403.290
402.949
402.267
401.017
399.655
397.843
395.244
392.202
388.946
385.478
381.800
378.138
374.271
370.091
366.259
362.878
359.513
356.052
352.713
349.816
347.144
344.480
342.036
339.812
338.017
336.226
334.753
333.598
332.340
330.980
329.727
328.684
327.642
326.706
325.668
324.630
323.698
322.974
322.353
321.837
321.321
320.702
320.290
319.981
319.466
319.055
318.643
317.822
317.001
316.488
315.771
314.850
314.236
313.726
313.012
312.298
311.483
310.771
310.263
309.755
309.349
309.045
308.944
308.944
309.045
309.248
309.451
309.755
310.060
310.466
310.975
311.178
310.873
309.959
308.133
305.404
302.384
299.578
297.381
296.384
296.882
298.578
301.080
303.893
306.414
308.032
308.842
309.045
308.538
307.728
306.615
305.404
304.396
303.489
302.585
301.881
301.881
302.082
302.183
302.484
302.987
303.288
303.590
303.791
303.892
304.093
304.496
305.505
306.716
308.133
309.857
311.993
314.135
316.181
318.644
321.115
323.492
325.772
327.851
329.936
332.027
334.123
336.120
337.806
339.284
340.553
341.612
342.779
343.841
344.692
345.757
346.716
347.463
348.211
349.067
349.923
350.352
350.780
351.639
352.498
353.358
354.326
355.512
357.023
358.646
360.380
362.117
363.640
365.166
366.805
368.336
369.761
371.188
372.617
373.718
374.711
375.704
376.920
378.026
378.359
378.691
378.802
378.359
377.805
376.920
375.374
373.609
371.957
370.090
368.227
366.586
364.948
363.205
361.248
359.403
357.672
356.051
354.542
352.713
350.888
349.281
347.677
346.183
344.692
343.098
341.718
340.447
339.073
337.806
336.752
335.699
334.648
333.598
332.759
331.922
331.189
330.771
330.457
330.248
330.248
330.457
330.353
330.040
329.831
329.831
329.518
328.892
328.163
327.226
326.498
326.083
325.460
324.630
323.905
323.491
323.181
322.767
322.457
322.147
321.940
321.837
321.734
321.631
321.424
321.115
321.012
320.806
320.187
319.260
318.027
316.590
315.157
313.930
312.808
311.890
311.585
311.483
311.789
312.706
314.033
315.464
316.795
318.438
320.188
321.734
323.284
324.838
326.291
327.747
329.414
331.189
333.074
334.543
335.699
336.962
337.911
338.333
337.911
336.542
334.753
333.074
332.235
332.340
333.284
335.437
338.070
341.401
345.758
350.568
355.729
361.358
367.243
372.949
378.249
383.582
388.610
393.215
397.617
401.472
405.114
408.655
411.636
414.050
416.354
418.317
419.705
420.979
421.790
421.906
421.442
420.168
418.433
416.124
413.015
409.457
405.685
401.472
397.391
394.341
391.977
390.067
388.609
387.713
386.706
384.696
381.800
378.360
374.381
369.653
364.622
359.513
354.328
349.496
345.012
340.871
337.279
333.914
330.667
327.851
325.253
322.768
320.600
318.541
316.591
315.157
314.236
313.114
311.992
311.076
310.161
308.944
307.425
305.505
302.887
300.278
297.780
295.390
293.405
291.328
289.257
287.683
286.407
285.427
284.743
284.450
284.645
285.134
285.819
286.407
286.799
286.996
287.290
288.076
289.454
291.822
295.292
299.379
304.095
309.047
313.217
316.386
318.541
319.569
319.569
318.849
317.411
315.567
313.828
311.993
309.959
308.032
306.413
305.000
303.590
302.384
301.280
300.178
299.377
298.478
297.679
296.982
296.285
295.886
295.389
294.992
294.794
294.694
294.595
294.794
295.092
295.290
295.887
296.484
297.081
297.779
298.478
299.578
300.779
302.083
303.490
304.799
306.110
307.425
308.437
309.248
310.263
310.975
311.687
312.196
312.400
312.808
313.216
313.726
314.645
315.873
317.617
320.291
323.285
326.708
331.086
336.016
341.190
347.039
352.929
358.539
364.077
369.104
374.051
378.914
383.025
386.371
389.619
392.764
394.905
396.599
398.069
399.202
400.449
401.471
401.698
401.698
402.266
402.493
402.721
402.949
402.721
402.493
401.925
401.130
400.109
398.522
396.599
394.341
391.752
389.170
386.483
383.470
380.356
377.253
374.270
371.189
368.008
365.276
362.444
359.296
356.052
352.821
349.709
346.504
343.098
340.024
336.752
332.970
329.623
326.188
322.768
319.673
316.796
314.033
311.382
308.944
306.817
304.799
302.886
301.180
299.678
298.179
296.783
295.589
294.396
293.207
291.822
290.636
289.453
288.272
287.192
286.211
285.427
284.450
283.668
283.083
282.303
281.428
280.553
279.583
278.517
277.453
276.391
275.427
274.561
273.696
272.929
272.545
272.545
272.641
272.833
273.504
274.369
274.946
275.524
276.391
277.067
277.453
277.936
278.420
278.808
279.292
279.582
279.679
279.679
279.486
279.486
279.389
279.001
278.808
278.808
278.614
278.323
278.420
278.517
278.614
278.711
278.614
278.614
278.904
279.680
280.650
282.012
283.473
284.547
285.232
285.427
285.623
286.309
287.978
290.736
294.597
299.680
305.507
311.588
317.516
322.976
328.165
332.865
336.963
340.447
343.311
345.864
347.998
349.709
350.888
351.746
352.605
353.357
354.003
354.650
355.296
355.835
356.159
356.267
356.159
355.512
354.111
352.820
351.210
348.639
345.757
342.567
339.284
335.385
331.086
327.124
323.079
318.851
314.647
310.773
307.021
303.490
300.079
296.983
294.000
290.933
287.978
285.037
282.207
279.487
276.971
274.562
272.067
269.391
266.728
263.699
260.029
256.009
251.926
247.964
244.396
241.486
239.495
238.502
238.232
238.322
238.592
239.043
239.224
239.133
239.043
238.862
239.224
240.581
242.940
246.131
249.803
253.499
256.754
259.184
260.779
261.530
261.342
260.403
258.997
257.314
255.357
253.314
251.278
249.526
248.055
246.588
245.308
244.486
243.848
243.211
242.847
242.756
243.120
243.848
244.851
246.131
247.780
249.895
252.017
254.241
256.474
258.341
259.933
261.436
262.471
263.131
263.698
263.887
263.887
263.698
263.415
262.943
262.283
261.718
261.060
260.309
259.840
259.558
259.464
259.652
260.121
260.778
261.624
262.849
264.075
265.305
266.727
267.867
268.914
269.867
270.727
271.492
272.066
272.545
272.833
273.121
273.408
273.792
274.369
275.621
277.937
281.235
285.136
289.553
294.398
299.479
304.801
309.960
314.852
319.365
323.285
326.915
330.250
332.970
335.384
337.384
339.073
340.977
342.567
343.841
345.224
346.396
347.250
348.211
349.281
350.137
350.888
351.638
352.390
353.250
353.895
354.757
355.619
356.051
356.699
357.455
358.321
358.862
359.079
359.837
360.596
360.922
361.030
361.139
361.030
360.379
359.728
358.862
357.456
355.620
353.466
351.317
348.960
346.290
343.735
340.871
338.017
335.489
332.760
330.041
327.227
324.424
321.735
319.158
316.898
314.441
311.993
309.756
307.223
304.799
302.685
300.679
298.778
296.982
295.489
294.496
293.405
292.514
292.118
291.722
291.426
291.130
290.932
290.735
290.537
290.735
290.834
290.735
290.834
290.834
290.537
290.439
290.241
289.847
289.256
288.567
287.781
286.603
285.526
284.352
283.083
281.817
280.553
279.292
278.033
277.067
276.295
275.909
275.812
275.812
276.198
276.777
277.453
278.130
278.808
279.680
280.261
280.650
281.039
281.428
281.719
281.816
282.011
282.108
282.206
282.206
282.108
282.206
282.498
282.791
283.278
284.254
285.820
287.782
289.848
292.317
295.092
297.780
300.479
303.289
305.707
307.931
310.162
312.401
314.543
316.591
318.952
321.425
323.699
326.188
328.789
331.504
334.439
337.174
340.130
342.992
345.651
348.532
351.210
353.897
356.592
359.079
361.465
363.531
365.384
366.695
367.570
367.789
367.241
366.040
363.967
361.357
358.537
355.297
351.747
348.105
344.480
340.871
336.963
333.075
329.207
325.358
321.426
317.310
313.523
309.756
306.010
302.786
299.778
296.883
294.000
291.229
288.863
286.407
284.060
281.720
279.195
276.777
274.370
272.163
270.059
268.058
266.253
264.549
262.849
261.249
259.840
258.341
256.847
255.635
254.426
253.313
252.294
251.277
250.262
249.249
248.514
247.871
247.138
246.588
246.130
245.673
245.399
245.399
245.582
245.673
245.947
246.679
247.504
248.514
249.710
250.816
252.017
253.499
254.984
256.380
257.687
258.903
260.027
260.966
261.813
262.471
262.848
263.226
263.509
263.698
263.887
263.887
263.887
263.887
263.698
263.320
263.037
262.660
262.283
261.813
261.154
260.684
260.402
259.933
259.371
259.089
258.715
258.435
258.341
258.248
258.435
258.622
258.902
259.558
260.215
260.872
261.624
262.472
263.415
264.548
265.589
266.537
267.392
267.962
268.437
268.914
269.391
269.772
270.249
270.727
271.396
272.353
273.408
274.850
276.681
278.711
280.845
283.278
286.016
288.863
292.119
295.490
298.779
302.486
306.516
310.569
314.647
318.748
322.872
327.020
331.295
335.385
339.285
342.886
346.397
349.710
352.391
355.189
357.780
359.946
362.117
363.858
365.275
366.586
367.351
367.789
368.226
368.336
368.117
368.226
368.445
368.664
369.212
369.541
369.980
370.858
371.737
372.397
372.837
373.167
373.167
372.397
371.188
369.980
368.665
366.696
364.512
362.552
360.488
358.538
356.699
354.973
353.143
351.531
350.137
348.746
347.570
346.609
346.076
345.757
345.543
345.437
345.543
345.970
346.503
346.823
347.036
347.677
348.104
348.104
348.211
348.532
348.959
349.387
349.816
350.137
350.244
349.923
349.601
348.960
347.677
346.396
344.693
342.673
340.765
338.545
336.331
334.334
332.341
330.563
328.997
327.746
326.499
325.356
324.423
323.491
322.457
321.631
320.806
319.261
317.822
316.488
314.952
313.420
312.094
311.076
310.161
309.349
308.944
308.842
309.045
309.654
310.365
311.076
311.993
313.114
314.032
314.952
315.566
315.975
316.488
316.795
317.103
317.513
317.616
317.616
317.924
318.129
318.438
318.952
319.672
320.806
322.044
323.492
325.149
326.811
328.476
330.354
332.341
334.123
336.015
338.334
340.341
342.355
344.905
347.464
349.817
351.854
353.573
355.297
356.915
358.104
358.862
359.620
360.162
360.487
360.596
360.162
359.512
358.645
357.347
355.836
354.434
352.713
350.995
348.960
346.610
344.373
342.036
339.812
337.384
334.859
332.341
329.519
326.707
323.803
320.806
317.925
315.055
312.197
309.350
306.515
303.792
301.180
298.778
296.484
294.397
292.613
290.932
289.453
287.978
286.505
285.427
284.352
283.083
282.012
281.039
280.068
279.195
278.420
277.743
276.970
276.294
275.909
275.524
275.139
274.850
274.850
274.850
274.657
274.657
274.754
274.754
274.754
274.657
274.561
274.561
274.561
274.657
274.754
275.042
275.524
275.909
276.487
277.357
278.227
278.808
279.195
279.874
280.650
281.233
281.622
282.109
282.498
282.693
282.986
283.278
283.668
283.961
284.254
284.352
284.352
284.450
284.547
284.547
284.547
284.645
284.547
284.547
284.841
285.134
285.232
285.623
286.407
287.585
288.863
289.749
290.834
292.316
293.603
294.794
295.986
296.783
297.480
298.278
298.878
299.377
300.077
300.679
301.581
302.585
303.590
304.799
306.009
307.526
309.045
310.466
311.993
313.317
314.543
315.873
317.206
318.541
319.982
321.424
322.767
324.424
326.083
327.643
329.310
330.876
332.341
333.703
335.068
336.436
337.700
338.438
339.072
339.707
340.130
340.764
341.082
341.188
341.400
341.612
341.824
341.824
341.718
341.718
341.718
341.824
342.142
342.460
342.885
343.309
343.841
344.373
345.011
345.650
346.076
346.609
347.357
347.997
348.532
349.280
349.923
350.780
351.746
352.713
353.250
353.573
353.680
353.465
353.035
352.390
351.639
350.566
349.495
348.532
347.570
346.609
345.863
345.437
345.224
345.437
346.183
347.250
348.639
350.244
352.068
353.896
355.728
357.456
359.187
360.596
362.009
363.313
364.185
364.948
365.603
366.148
366.476
366.258
366.476
367.132
367.132
367.351
367.570
367.460
367.241
367.351
367.460
367.460
367.460
367.241
367.132
367.023
366.804
366.258
365.712
365.384
364.730
363.967
362.987
362.008
361.030
359.837
358.213
356.591
354.865
352.713
350.566
348.211
345.864
343.629
341.507
339.284
337.384
335.804
334.123
332.655
331.294
329.936
328.788
327.850
326.914
326.498
326.187
325.460
325.149
325.045
324.734
324.527
324.423
324.319
324.319
324.112
324.008
324.112
324.216
324.423
324.734
324.838
324.838
325.045
325.045
324.734
324.319
323.802
322.767
321.631
320.394
318.746
316.795
314.952
313.012
310.873
308.843
306.615
304.497
302.384
300.178
298.079
295.888
293.703
291.427
288.961
286.603
284.060
281.331
278.421
275.717
273.409
271.014
268.724
266.443
264.360
262.661
261.248
259.933
258.715
257.780
256.847
256.008
255.263
254.426
253.683
253.220
252.757
252.109
251.462
250.816
250.355
249.986
249.433
249.066
248.514
247.779
247.321
246.771
246.221
245.947
245.582
245.034
244.486
244.030
243.575
243.029
242.484
241.939
241.304
240.670
240.037
239.314
238.682
237.962
237.241
236.792
236.343
235.805
235.356
234.909
234.462
233.925
233.568
233.300
232.854
232.409
231.786
230.986
230.099
229.478
228.947
228.152
227.446
226.917
226.477
225.949
225.510
225.335
225.159
224.896
224.545
224.369
224.107
223.582
223.232
222.883
222.359
221.836
221.226
220.617
220.009
219.315
218.709
218.103
217.326
216.722
216.119
215.345
214.658
214.058
213.459
213.117
213.117
213.288
213.630
214.144
215.088
216.378
217.931
219.837
221.749
223.670
225.598
227.358
229.125
230.453
231.519
232.676
233.479
234.283
235.267
236.164
237.242
238.412
239.585
240.942
242.394
243.940
245.765
247.872
250.263
252.572
254.705
256.847
258.903
260.779
262.283
263.698
264.926
265.968
267.012
267.867
269.009
270.536
272.546
275.236
278.034
281.137
284.646
288.274
291.624
294.596
297.381
299.878
301.882
303.692
305.202
306.211
307.222
307.727
308.133
308.640
308.944
309.045
308.944
309.146
309.451
309.552
309.552
309.552
309.755
310.263
310.670
310.975
310.975
311.076
311.585
311.788
311.992
312.400
312.808
313.114
313.419
313.521
313.419
313.317
313.114
312.706
312.400
312.298
311.890
311.686
311.992
312.604
313.522
314.748
316.283
318.028
319.879
321.735
323.492
324.838
325.875
326.706
327.122
327.330
327.330
327.122
326.706
326.187
325.460
324.320
323.181
322.044
320.702
319.363
318.335
317.411
316.385
315.463
314.645
313.930
313.623
313.317
312.706
312.298
311.789
311.076
310.466
309.857
309.146
308.234
307.424
306.817
305.908
305.000
304.396
303.691
302.786
301.982
301.480
301.079
300.679
300.178
299.877
299.577
298.977
298.878
298.778
298.478
298.178
297.879
297.580
296.882
296.384
295.887
295.092
294.396
293.603
292.712
291.920
291.031
290.340
289.552
288.469
287.388
286.309
285.134
283.766
282.304
281.136
279.971
278.614
277.260
275.813
274.561
273.025
271.492
270.154
268.629
266.918
265.211
263.603
262.001
260.497
258.997
257.687
256.380
254.984
253.777
252.757
251.740
250.908
250.262
249.525
248.882
248.422
248.054
247.779
247.504
247.046
246.771
246.588
246.221
246.038
246.038
246.130
246.313
246.405
246.496
246.588
246.679
246.863
246.954
246.954
247.229
247.687
248.146
248.698
249.341
249.986
250.539
251.000
251.185
251.369
251.369
251.185
251.185
251.093
251.000
250.724
250.447
250.355
250.262
250.170
249.986
249.801
249.525
249.066
248.514
248.054
247.504
246.863
246.222
245.490
244.669
243.939
243.211
242.121
240.942
240.037
239.134
238.052
236.972
235.716
234.462
233.123
231.786
230.631
229.478
228.329
227.094
225.862
224.633
223.582
222.447
221.226
220.270
219.229
218.103
217.326
216.809
216.205
215.603
215.174
214.744
214.401
214.058
213.630
213.117
212.689
212.518
212.347
212.006
211.495
210.899
210.303
210.049
209.794
209.624
209.624
209.624
210.049
210.643
211.239
211.921
212.689
213.459
214.230
215.088
215.947
217.068
218.709
220.792
223.321
226.214
229.214
232.054
234.641
237.153
239.405
241.395
243.484
245.582
247.780
250.079
252.480
254.985
257.034
258.997
260.967
262.566
263.981
265.400
267.107
269.391
272.546
276.392
280.944
286.017
291.330
296.984
302.385
307.224
311.586
315.362
318.644
321.528
324.010
326.084
327.747
329.205
330.562
331.608
332.340
333.074
333.808
334.228
334.437
334.647
335.068
335.173
335.068
334.963
334.858
334.543
333.913
333.388
332.864
332.131
331.085
330.249
329.310
327.955
326.395
324.631
322.664
320.188
317.412
315.157
312.706
309.959
307.425
304.698
302.284
300.078
298.079
296.186
293.901
291.624
289.848
288.273
286.603
285.330
284.547
283.864
283.083
282.498
282.108
281.622
281.136
280.553
279.873
279.389
279.001
278.420
277.839
277.453
276.970
276.198
275.524
274.946
274.561
274.369
274.080
274.080
274.369
274.657
275.139
275.812
276.391
277.163
278.130
279.001
279.679
280.164
280.845
281.622
282.206
282.791
283.473
284.254
284.841
285.427
286.113
286.407
286.701
287.192
287.486
287.682
287.780
287.879
288.174
288.272
288.075
287.879
287.977
288.174
288.174
288.469
289.158
290.044
291.130
292.613
294.595
296.484
298.279
300.178
302.284
304.396
306.111
308.235
310.568
312.502
314.441
316.386
318.130
319.879
321.838
323.491
324.838
325.979
326.914
328.059
329.205
330.040
331.085
332.131
332.654
333.074
333.598
333.913
333.913
333.808
333.388
332.759
331.817
330.458
328.893
327.122
325.771
324.424
323.077
322.044
320.702
319.363
318.232
317.206
316.180
315.157
314.134
313.012
311.687
310.466
309.349
307.627
305.707
303.692
300.980
297.680
294.199
290.145
285.820
281.623
277.165
272.739
268.344
264.266
260.592
257.221
254.427
252.202
250.355
248.882
248.238
248.146
248.330
249.157
250.262
251.648
253.314
254.891
256.287
257.593
258.809
259.652
260.402
261.154
261.436
261.530
261.624
261.718
261.718
261.530
261.342
261.248
261.436
261.530
261.530
261.813
262.283
262.754
263.509
264.264
265.021
265.968
266.632
267.297
267.867
268.247
268.532
268.819
269.105
269.105
269.009
268.819
268.532
268.437
268.247
268.152
268.152
268.057
268.057
268.342
269.009
269.867
270.918
272.258
273.793
275.524
277.260
278.808
280.456
282.207
284.060
285.624
286.996
288.371
289.453
290.439
291.228
292.019
292.712
293.207
293.900
294.595
295.290
295.886
296.683
297.979
299.378
300.679
302.183
303.792
305.505
307.425
309.248
311.179
313.114
314.952
316.590
318.130
319.466
320.806
322.251
323.388
324.320
325.149
326.187
327.018
327.538
328.371
329.205
329.935
330.771
331.712
332.969
334.228
335.384
336.857
338.439
340.024
341.506
342.992
344.586
346.076
347.463
348.639
349.709
350.673
351.424
352.068
352.175
352.068
352.175
352.068
351.531
350.995
350.459
349.709
348.959
348.104
347.463
346.609
345.863
345.650
345.330
345.117
345.437
346.076
347.036
348.104
349.495
351.532
353.358
355.297
357.456
359.404
361.574
363.531
365.057
366.476
367.789
368.993
369.980
371.188
372.507
373.498
374.711
376.146
377.584
379.135
380.355
381.466
382.467
383.024
383.469
383.247
382.578
382.022
380.910
379.357
377.695
375.926
374.049
371.738
369.323
367.023
364.512
362.009
359.729
357.132
354.542
352.283
349.816
347.571
345.331
343.098
341.295
339.495
338.017
336.752
335.489
334.228
333.074
332.131
331.399
330.667
330.040
329.518
328.684
327.954
327.226
326.706
326.187
325.771
325.771
325.771
325.771
325.771
325.460
325.149
324.838
324.423
324.319
324.423
324.734
325.356
326.187
327.226
328.893
330.981
333.179
335.594
338.122
340.871
343.948
347.357
350.674
353.789
357.456
361.357
365.058
368.336
371.299
374.381
377.142
379.246
380.910
382.245
383.135
383.581
383.469
383.135
382.801
382.133
381.133
380.022
379.135
378.359
377.252
376.367
375.594
374.931
374.490
373.829
373.278
372.947
372.617
372.507
372.727
372.947
372.947
373.168
373.718
374.159
374.821
375.373
376.036
376.809
377.473
378.137
378.802
379.356
379.911
380.355
380.133
379.578
378.913
378.027
376.699
375.042
373.388
371.738
369.542
367.460
365.384
363.313
361.248
359.079
357.347
355.512
353.681
351.961
350.352
348.746
347.143
345.650
343.947
342.248
340.659
338.967
337.173
335.279
333.493
331.922
330.458
328.893
327.330
326.083
324.942
323.802
322.664
321.321
320.290
319.569
318.438
317.308
316.590
315.873
315.054
314.339
313.420
312.502
312.196
311.789
310.975
310.365
309.958
309.653
309.248
308.842
308.741
308.741
308.741
308.842
309.552
310.466
311.382
313.012
314.952
316.590
318.233
320.188
321.837
323.284
324.838
326.083
326.810
327.330
328.059
328.788
329.622
330.457
331.503
333.179
334.858
336.752
339.284
342.037
345.012
347.998
351.103
354.543
357.997
361.683
365.604
368.994
372.178
375.374
378.027
380.356
382.579
384.585
385.924
386.930
387.937
388.608
389.057
389.169
388.945
388.832
388.497
387.825
387.041
386.370
385.812
385.254
384.807
384.249
383.915
383.581
382.801
381.911
381.244
380.799
380.133
379.356
378.581
377.805
377.141
376.699
376.257
376.257
377.031
377.805
378.691
379.911
381.022
382.356
383.692
385.142
386.930
388.609
390.516
391.864
392.877
394.116
395.018
395.469
395.807
396.147
396.260
396.599
397.277
398.069
399.088
400.677
402.836
405.684
409.228
413.015
416.585
420.053
423.648
427.023
429.942
432.518
435.099
437.216
438.630
439.809
440.517
440.399
440.045
439.691
438.747
437.334
436.274
435.216
433.338
431.229
429.358
427.257
424.695
422.139
419.474
416.585
413.935
411.292
408.427
405.912
403.746
401.471
399.089
396.599
394.341
392.539
390.516
388.385
386.706
385.142
383.581
381.911
380.577
379.467
378.248
377.362
376.478
375.704
375.152
374.490
374.049
373.608
373.277
373.057
372.837
372.727
372.617
372.507
372.617
372.727
372.507
372.507
372.617
372.727
373.057
373.829
375.042
376.257
377.695
379.246
380.910
382.801
384.696
386.595
388.497
390.404
392.314
394.228
396.034
397.843
399.542
401.017
402.267
403.290
404.201
404.999
405.798
406.597
407.168
407.740
408.426
408.769
408.884
409.227
409.456
409.341
408.998
408.540
408.083
407.168
406.597
406.368
405.912
405.912
405.912
405.912
405.684
405.684
405.570
405.227
405.341
405.113
405.227
405.570
405.570
404.999
404.087
403.518
402.494
401.244
400.562
399.995
399.202
398.409
397.503
396.486
395.244
393.665
392.201
390.516
388.273
386.147
384.250
382.356
380.688
379.356
377.916
376.699
376.036
375.373
374.931
374.601
374.159
373.498
372.287
370.529
368.118
365.275
361.792
357.889
354.004
349.924
345.864
342.143
339.073
336.436
334.333
333.074
332.549
333.284
334.963
337.068
339.601
342.036
344.267
345.970
347.143
347.890
348.104
347.997
347.463
346.716
345.863
344.692
343.735
343.203
342.778
342.566
342.778
343.203
344.054
345.331
346.503
347.891
349.388
350.888
352.605
354.327
355.836
357.023
357.888
358.429
358.537
358.104
357.239
355.836
354.434
353.143
351.639
350.030
348.853
348.318
347.997
347.997
348.318
349.067
350.244
351.209
351.960
352.928
353.788
354.326
354.542
354.542
354.326
354.003
353.465
352.820
352.498
352.175
351.638
351.423
351.746
352.175
352.713
353.573
354.865
356.267
357.780
359.512
361.356
362.878
364.403
365.821
367.242
368.555
369.651
371.078
372.618
374.490
376.478
378.581
381.022
383.692
386.371
389.507
392.427
395.131
398.070
400.904
403.746
406.026
408.083
410.144
411.635
412.784
413.819
414.740
415.546
416.584
417.392
417.739
418.085
418.085
417.970
417.854
417.508
416.931
416.584
416.123
415.546
414.970
414.279
413.704
413.014
412.324
411.865
411.520
411.176
410.832
410.488
410.259
409.800
409.685
409.685
409.456
409.341
409.341
409.456
409.456
409.341
409.456
409.915
410.603
411.750
413.359
415.432
417.392
419.473
421.790
423.880
426.208
428.423
430.410
432.400
433.807
435.217
436.627
437.569
438.276
438.865
439.219
439.101
438.865
438.747
438.276
437.569
436.863
435.569
433.690
431.697
429.708
427.956
426.208
424.229
422.487
420.979
419.358
417.623
415.778
413.934
412.439
410.603
408.541
406.826
405.455
403.974
402.380
400.903
399.542
398.635
397.956
397.277
396.938
397.051
397.277
397.729
398.182
398.862
399.882
400.562
401.017
401.357
402.039
402.721
403.404
404.657
406.026
407.854
410.144
412.554
414.855
417.277
419.821
421.906
423.764
425.742
427.840
429.708
431.580
433.455
435.099
436.981
439.338
441.463
443.593
445.489
447.152
449.055
450.842
451.796
451.557
450.484
448.817
446.558
443.830
441.227
439.455
438.747
438.512
438.747
439.573
440.399
441.108
441.935
442.645
442.290
441.581
441.462
441.108
439.927
438.865
438.276
437.687
436.980
436.274
435.804
434.747
433.572
432.634
431.580
430.526
429.357
427.840
425.742
423.648
421.559
419.011
416.585
413.820
410.833
407.512
404.088
401.244
398.409
395.921
393.665
391.639
390.067
388.609
387.377
386.594
386.259
386.259
386.147
385.924
385.924
386.147
386.594
386.929
387.041
387.041
386.929
386.706
386.370
386.147
386.370
386.817
387.265
387.601
388.049
388.161
387.937
388.049
388.609
389.169
389.393
389.281
388.945
388.385
387.489
386.371
385.365
384.361
383.358
382.801
382.467
382.022
381.355
380.466
379.689
379.467
379.578
379.024
377.363
375.484
374.049
373.058
372.727
371.848
370.858
370.309
369.870
369.761
369.322
368.883
368.445
368.336
368.555
369.103
369.870
370.858
372.728
374.711
376.367
378.359
380.578
382.690
384.696
386.483
388.385
390.291
391.976
393.891
395.808
397.503
399.088
400.676
401.925
402.949
403.860
404.771
405.798
406.825
407.740
408.655
409.456
409.915
410.259
410.488
411.061
411.635
412.324
413.244
414.049
414.855
415.662
416.469
417.162
417.854
418.548
419.126
419.358
419.242
419.242
419.358
419.473
419.589
419.473
419.705
420.283
420.631
421.442
422.719
423.531
424.578
426.324
427.839
429.124
430.644
432.166
433.690
435.099
436.274
437.687
439.101
440.754
442.764
444.422
446.083
447.865
449.531
451.558
453.588
455.622
457.659
459.460
461.144
462.348
463.312
464.035
464.156
463.915
463.312
462.709
462.468
462.468
462.829
463.432
464.518
466.210
468.024
469.963
472.392
474.825
476.897
479.217
481.175
482.768
484.608
486.328
488.052
489.777
491.628
493.235
494.596
495.835
497.199
498.440
499.310
500.180
500.678
500.678
500.429
500.304
500.180
499.931
499.683
499.434
499.310
499.310
499.062
498.937
499.062
499.310
499.558
499.558
499.807
499.931
499.807
499.683
499.683
500.056
500.802
501.425
502.047
503.044
503.793
504.167
505.041
505.915
506.665
507.665
508.792
510.170
511.424
513.057
514.691
516.454
518.471
520.365
522.388
523.781
524.541
524.034
522.009
519.607
517.462
516.831
518.345
522.136
528.351
536.128
544.078
552.721
561.417
568.986
575.806
581.734
587.022
591.531
594.989
596.986
598.453
600.055
601.257
602.060
603.130
604.603
605.406
606.076
607.015
607.149
606.747
606.479
606.076
605.540
604.737
603.665
602.060
599.788
597.520
595.255
592.328
589.142
585.962
582.921
580.150
576.726
573.310
570.032
566.762
563.239
559.723
556.476
553.237
550.392
547.295
544.205
541.250
538.046
535.232
532.424
529.367
526.571
523.021
519.355
515.824
512.304
508.918
505.166
501.674
498.440
495.340
492.370
489.531
486.698
483.504
480.441
477.385
473.729
469.842
465.364
461.144
457.780
454.544
451.439
448.460
446.083
444.540
443.711
443.711
444.422
445.845
447.865
450.246
452.632
454.664
456.460
458.019
459.700
461.625
463.553
465.606
467.419
468.024
467.540
465.968
462.590
458.260
453.708
449.055
444.541
440.282
436.275
432.869
430.410
428.423
425.975
424.229
423.415
422.834
422.718
423.067
424.113
425.276
426.207
427.023
427.722
427.956
427.489
426.440
425.160
423.648
421.559
418.780
416.008
413.360
410.718
408.083
405.456
403.063
401.017
399.088
397.503
396.260
394.905
393.440
392.314
391.414
390.515
389.842
389.057
388.608
388.385
388.273
388.497
388.385
388.497
388.608
388.273
388.273
388.497
388.608
389.057
389.506
390.067
391.077
392.314
393.552
394.567
395.921
397.277
398.522
400.336
402.153
404.088
406.712
408.884
411.062
413.820
416.354
418.895
422.023
424.927
427.490
429.825
432.401
434.982
436.627
438.040
439.455
440.636
441.818
443.119
443.947
444.896
446.082
447.151
448.103
449.055
450.246
451.438
452.632
454.066
455.382
456.820
458.619
460.542
462.468
464.035
465.243
466.693
468.145
469.114
470.206
471.055
471.541
472.027
471.905
472.269
472.755
472.755
472.877
472.391
471.784
471.055
469.842
468.751
467.661
466.209
464.398
462.709
460.783
458.859
457.419
455.263
452.990
451.557
450.246
448.341
446.558
445.015
443.356
441.345
439.455
438.040
436.745
435.451
434.276
433.338
432.400
431.580
430.995
430.643
430.292
429.474
428.773
428.073
426.673
424.811
422.835
420.748
418.548
416.585
414.855
413.934
413.818
413.934
414.510
415.316
416.469
417.623
418.201
418.432
418.547
419.010
419.126
418.895
418.779
418.779
418.663
418.432
418.201
418.201
418.201
417.854
417.508
417.046
416.123
414.970
413.704
412.324
410.718
408.884
407.511
406.254
404.658
403.632
402.949
402.152
401.357
400.676
400.449
399.768
399.088
398.748
398.295
397.277
395.357
393.102
390.516
387.825
385.477
383.024
381.466
380.799
380.577
381.022
382.245
383.803
385.030
386.483
387.601
388.497
389.393
389.842
389.954
389.954
389.618
389.281
388.945
388.497
387.713
386.482
385.142
383.469
381.578
379.801
377.806
375.705
373.499
371.188
368.775
366.368
364.403
362.335
360.163
358.105
356.160
354.219
352.283
350.352
348.532
346.610
344.586
342.779
340.871
338.967
337.279
335.699
334.333
333.074
331.817
330.562
329.310
327.851
326.187
324.527
322.871
321.218
319.467
317.924
316.488
315.259
314.339
313.216
312.094
311.178
310.365
309.451
308.234
307.525
306.817
305.807
305.202
304.698
304.396
304.194
303.892
303.590
303.389
303.087
302.685
302.484
302.384
302.183
301.982
301.881
301.681
301.480
301.280
300.879
300.278
299.777
299.477
298.977
298.178
297.281
296.683
296.185
295.787
295.290
294.694
294.099
293.504
293.009
292.514
292.118
291.623
291.031
290.439
290.044
289.552
288.863
288.272
287.683
287.094
286.407
285.917
285.525
285.036
284.547
283.961
283.571
283.473
283.571
283.766
283.863
283.961
284.254
284.645
284.743
285.036
285.525
285.917
286.505
287.388
288.764
290.242
291.921
294.000
296.186
298.778
301.481
304.296
307.526
310.365
313.216
316.181
319.261
322.768
326.188
329.623
333.495
337.596
341.507
345.438
349.174
352.929
357.024
361.032
364.949
368.884
372.618
376.147
379.468
382.357
384.919
387.266
389.394
391.415
393.102
394.116
394.679
395.356
395.807
396.034
396.599
397.277
397.842
398.182
398.975
399.655
399.995
400.790
401.471
401.925
402.494
403.632
404.657
405.227
406.140
407.168
407.968
408.540
408.884
409.112
409.571
410.029
410.488
410.832
410.832
410.947
411.406
411.635
411.176
410.832
410.947
410.259
409.341
408.426
406.712
405.113
403.632
401.699
399.769
398.069
396.486
394.792
393.102
391.751
390.179
388.497
386.818
385.142
383.581
382.245
380.910
379.467
378.248
377.141
376.257
375.373
374.601
373.939
373.278
372.727
372.067
371.078
370.200
369.541
368.993
368.445
367.679
367.023
365.821
364.729
363.967
363.096
361.900
360.379
358.970
357.780
356.591
355.188
353.896
352.713
351.424
349.923
348.639
347.144
345.650
344.585
343.310
342.142
341.082
340.024
339.178
338.228
337.173
336.015
334.858
333.808
332.759
331.817
331.189
330.249
328.997
328.163
327.330
326.395
325.356
324.113
322.974
321.941
320.909
319.878
318.849
317.822
317.001
316.180
315.157
314.339
313.624
312.604
311.585
310.771
309.756
308.640
307.728
306.919
306.110
305.605
305.403
305.202
305.101
305.202
305.504
305.908
306.110
306.312
306.312
306.716
307.323
307.323
307.121
306.716
306.110
305.504
304.597
303.288
301.782
300.178
298.478
296.683
294.794
292.712
291.031
289.355
287.683
286.505
285.330
283.864
282.498
281.233
280.165
279.389
278.517
277.646
276.970
276.487
276.005
275.524
275.235
274.946
274.754
274.561
274.272
274.272
274.272
273.984
273.600
273.504
273.408
273.121
273.025
273.025
272.833
272.545
272.449
272.449
272.545
272.641
272.545
272.162
271.970
272.066
271.683
271.013
270.440
269.772
269.105
268.628
268.247
267.962
267.772
267.487
267.392
267.392
267.202
267.107
267.012
266.727
266.442
266.252
266.063
265.684
265.400
265.305
265.021
264.548
264.075
263.887
263.603
263.226
263.037
262.660
262.189
261.813
261.436
261.060
260.684
260.309
260.121
260.027
259.652
259.371
259.183
258.809
258.341
257.874
257.313
256.753
256.194
255.449
254.798
254.148
253.406
252.850
252.294
251.924
252.109
252.479
253.313
254.612
256.008
257.687
259.559
261.437
263.132
264.833
266.728
268.534
270.250
272.067
273.889
275.717
277.937
280.360
282.791
285.624
288.962
292.515
296.486
301.182
306.213
311.180
315.977
320.704
325.670
330.250
334.439
338.545
342.355
346.291
350.031
353.574
357.024
360.055
362.879
365.385
367.789
369.761
371.298
372.948
374.601
376.588
378.470
379.911
381.355
383.024
384.473
385.812
386.929
387.825
388.721
389.393
389.730
390.067
390.628
391.302
391.864
392.314
392.764
393.214
394.003
394.567
394.905
394.679
394.454
394.679
394.679
394.341
394.003
393.440
392.089
390.628
389.393
387.825
386.259
385.030
383.692
382.245
380.910
379.689
378.470
377.252
376.146
374.932
373.388
372.067
370.749
369.103
367.351
365.712
364.294
362.770
361.356
360.379
359.403
358.213
356.915
355.728
354.757
353.896
352.928
351.639
350.459
349.709
348.746
347.463
346.290
345.118
343.947
342.885
341.718
340.553
339.495
338.755
338.228
337.489
336.857
336.225
335.489
335.173
335.068
335.489
336.015
336.646
337.911
339.390
340.871
342.461
344.373
346.397
348.318
350.566
352.713
354.003
354.650
354.973
355.512
356.159
357.131
358.970
361.356
364.294
367.899
371.299
375.043
378.914
381.912
384.473
387.042
389.730
391.976
393.778
395.356
396.599
397.730
398.862
399.882
400.676
401.130
401.471
401.698
401.812
402.380
402.607
402.380
402.039
401.130
400.109
398.862
397.390
395.808
394.341
392.877
391.976
391.864
391.864
393.215
395.809
398.523
401.358
403.974
405.798
406.597
406.140
404.202
401.017
397.052
392.428
386.932
381.023
374.824
369.104
363.750
358.322
353.144
347.999
343.417
339.074
334.859
331.086
327.643
324.942
322.664
320.394
318.438
316.386
314.543
312.910
310.975
308.944
306.717
304.396
302.083
299.678
297.481
295.589
294.099
293.009
292.316
291.920
291.821
292.217
292.712
293.108
293.405
293.801
294.396
294.992
295.489
295.787
295.986
296.185
296.285
295.986
295.588
295.290
294.893
294.396
293.999
293.702
293.207
292.514
291.920
291.228
290.439
289.650
288.961
288.469
287.977
287.388
286.603
286.015
285.525
284.939
284.352
283.668
283.083
282.791
282.596
282.303
282.206
282.108
281.913
281.816
281.525
281.136
280.747
280.261
279.970
279.970
279.970
280.067
280.164
280.164
280.456
281.039
281.330
281.525
281.914
282.206
282.401
282.596
282.986
283.473
283.766
283.961
284.156
284.156
283.961
283.863
283.961
284.254
285.134
286.407
287.880
289.947
292.316
295.192
298.379
301.883
305.808
309.858
314.135
318.542
323.079
327.540
332.447
337.385
341.507
345.651
349.710
353.143
356.376
359.404
361.791
363.640
365.493
367.351
368.884
370.309
371.737
372.727
373.498
374.380
375.263
376.146
376.809
377.362
378.026
378.248
378.581
379.135
379.689
380.355
381.022
381.577
382.133
382.690
383.247
383.915
384.249
384.807
385.477
386.035
386.818
387.601
388.161
388.721
389.393
389.730
389.842
389.842
389.842
390.067
390.067
390.067
389.954
390.179
390.628
390.965
391.301
391.639
392.314
392.426
392.539
392.876
392.764
392.651
392.314
391.751
391.189
390.179
389.169
387.825
386.259
384.473
382.467
380.689
378.691
376.588
374.490
372.398
370.200
368.117
365.821
363.313
361.031
358.537
355.836
353.036
350.245
347.571
345.012
342.673
340.553
338.545
336.752
335.384
334.123
333.284
332.759
332.549
332.445
332.445
332.864
333.074
333.179
333.493
334.123
334.753
335.278
336.015
336.962
338.334
339.601
340.553
341.506
342.354
343.203
344.266
345.757
347.036
348.318
349.816
351.317
352.928
354.542
356.159
357.564
359.079
360.705
362.552
364.731
367.461
370.639
373.389
376.368
379.690
382.802
386.259
389.731
392.652
395.470
398.070
400.336
402.495
403.974
404.999
405.912
406.482
406.711
406.939
407.397
407.397
407.397
407.740
407.968
408.312
408.540
408.540
408.083
407.511
407.282
406.939
406.026
404.999
403.860
402.380
400.903
399.202
396.938
394.905
393.215
391.190
389.058
386.595
384.250
382.023
379.468
376.810
374.160
371.298
368.446
365.167
361.791
359.079
356.160
352.821
349.924
347.357
344.799
342.461
340.342
338.334
336.436
334.858
333.388
331.922
330.771
329.935
329.101
328.475
327.746
326.914
326.498
325.875
325.045
324.320
323.491
322.560
321.734
320.909
320.084
319.466
318.746
318.027
317.308
316.795
316.488
316.078
315.463
314.543
313.624
312.808
312.094
311.178
310.263
309.451
308.538
307.930
307.424
306.919
306.615
306.615
306.817
307.121
307.424
307.930
308.538
309.146
309.857
310.771
311.891
312.706
313.624
314.850
315.668
316.385
317.411
318.232
318.952
319.466
319.775
320.187
320.496
320.806
321.012
320.702
320.290
319.672
318.643
317.719
316.590
315.259
313.828
312.604
311.789
310.975
310.670
310.873
311.280
311.890
312.808
313.930
314.952
316.181
317.411
318.541
319.982
321.631
323.077
324.735
326.499
328.268
330.354
332.341
334.439
336.647
338.968
341.613
344.160
346.717
349.388
351.961
354.542
357.023
359.404
361.574
363.749
365.603
367.133
368.774
370.309
371.407
371.847
372.728
373.388
373.608
374.270
374.931
375.704
376.478
377.473
378.691
380.134
381.577
382.912
384.361
385.700
386.930
388.161
388.832
389.057
389.506
390.179
391.077
391.639
391.976
392.651
392.989
392.989
393.101
392.539
391.864
391.190
390.179
388.721
386.707
385.030
383.358
381.355
379.246
377.252
375.374
373.609
372.177
370.639
369.432
368.227
367.241
366.586
365.384
364.185
362.770
360.705
358.213
355.513
352.498
348.961
345.118
341.295
337.596
334.334
331.086
328.060
325.876
324.216
322.974
322.250
322.043
321.940
321.940
322.147
322.457
323.077
323.698
323.802
323.905
324.527
324.942
324.942
325.045
325.149
325.253
325.460
325.564
325.460
325.356
325.460
325.253
325.149
325.253
325.253
325.564
325.564
325.460
325.564
325.668
325.875
325.875
325.979
325.875
325.875
326.083
326.083
325.979
325.668
325.668
325.668
325.460
325.253
325.253
325.356
325.771
326.602
327.538
328.475
329.727
331.503
333.703
336.120
338.545
340.977
343.842
347.251
350.567
354.004
357.780
361.357
364.731
367.789
370.859
374.050
376.920
379.801
382.468
385.031
387.154
388.946
390.403
391.302
392.426
393.214
393.439
393.665
393.552
393.552
393.665
393.552
393.665
393.665
393.665
393.552
393.101
392.989
392.876
392.539
392.426
392.426
392.201
391.976
392.201
392.201
391.864
391.526
391.414
391.414
391.301
390.965
390.403
390.067
389.393
388.608
388.049
387.489
386.706
385.924
385.142
384.026
382.912
381.577
379.690
377.806
375.926
373.939
371.848
369.651
367.461
365.167
362.987
360.597
358.321
355.944
353.358
350.888
348.318
345.970
343.735
341.295
338.545
335.805
333.284
330.667
328.164
325.669
323.078
320.600
318.028
315.669
313.828
312.095
310.365
308.741
307.424
306.312
305.303
304.295
303.389
302.585
301.681
300.979
300.478
299.777
298.878
298.079
297.081
296.086
295.191
294.297
293.603
293.009
292.415
291.821
291.327
290.932
290.537
290.241
290.044
289.847
289.748
289.748
289.551
289.354
289.650
289.945
290.143
290.636
291.130
291.821
292.712
293.504
294.396
295.489
296.584
297.580
298.578
299.678
300.879
302.485
304.497
306.616
309.045
311.789
314.646
317.822
321.219
324.735
328.268
331.818
335.384
338.651
341.825
345.012
347.998
350.888
353.789
356.052
357.997
359.837
361.356
362.987
364.621
365.930
366.695
367.351
368.117
368.664
369.102
369.761
370.090
369.980
370.090
370.200
370.309
370.200
369.980
369.980
369.541
369.212
368.774
368.007
367.351
366.695
366.258
365.821
365.166
364.511
364.076
363.531
363.313
363.205
362.987
363.096
363.096
362.987
363.096
363.531
364.076
364.839
365.493
366.586
367.789
368.665
369.651
370.639
371.957
373.058
373.829
374.380
374.711
375.373
376.146
376.478
376.809
377.141
377.362
377.694
377.916
378.248
378.248
377.916
377.694
377.252
376.920
376.257
375.704
375.263
374.711
374.159
373.388
372.837
371.847
370.968
370.529
369.651
368.446
367.241
365.821
364.403
363.313
361.900
359.946
357.888
356.052
354.004
351.961
350.138
348.105
345.970
344.054
342.249
340.447
338.967
337.384
335.909
334.543
333.179
332.131
331.189
330.457
329.727
328.997
328.579
328.267
328.371
328.788
329.310
330.353
331.712
333.179
334.648
336.542
338.545
340.448
342.355
344.054
345.650
347.143
348.425
349.602
350.780
351.638
352.605
353.680
354.219
354.757
355.836
357.131
358.321
359.512
360.922
362.443
363.858
365.384
366.804
368.007
369.322
370.639
371.627
372.507
373.498
374.049
374.711
375.483
376.146
376.699
377.031
377.584
378.137
378.470
378.913
379.578
379.911
380.355
380.688
380.688
380.799
381.133
381.911
382.467
383.024
383.692
384.249
384.695
384.695
384.249
383.469
382.356
380.910
379.578
377.917
376.036
374.490
372.618
370.858
369.213
367.133
365.057
363.313
361.574
359.512
357.348
355.081
352.928
350.995
349.067
347.037
345.118
343.416
341.718
340.235
338.967
337.806
336.752
335.699
334.753
333.913
332.969
331.503
329.518
327.019
324.010
320.600
316.797
312.707
308.540
305.001
302.183
299.978
298.478
297.779
297.779
298.178
298.878
299.777
300.779
301.681
302.283
302.987
303.489
303.489
303.892
304.194
304.295
304.799
305.101
305.202
305.504
306.211
307.222
307.930
309.045
310.670
311.993
313.216
314.236
314.952
315.566
315.975
316.078
315.975
315.975
315.975
315.566
315.157
314.543
313.522
312.706
311.891
310.975
310.263
309.552
309.045
309.146
309.654
310.466
311.585
313.318
315.464
318.130
321.219
324.321
327.331
329.518
330.980
332.026
332.969
333.808
334.648
336.120
338.017
340.342
342.886
345.544
348.425
350.995
353.681
356.700
359.187
361.465
363.967
366.477
368.336
370.200
372.728
375.043
377.031
378.581
379.356
379.911
380.466
381.022
381.688
381.910
381.799
382.022
382.578
382.578
382.801
383.469
383.581
383.581
383.692
383.915
384.249
384.919
386.147
387.377
388.273
389.057
389.842
390.965
392.089
392.651
393.665
394.792
396.034
397.503
398.862
400.109
401.471
403.177
404.772
405.912
406.597
407.397
408.197
408.426
408.083
407.854
407.625
406.940
406.026
405.113
404.543
403.518
402.153
401.130
399.655
398.295
397.277
396.034
394.905
394.003
393.552
393.552
393.439
393.439
394.116
395.130
396.712
398.748
400.677
403.063
405.798
408.426
410.603
412.669
414.970
417.162
419.358
421.327
423.300
425.276
426.557
427.489
428.423
428.773
428.657
428.306
427.256
426.091
424.810
423.299
421.674
419.820
418.086
416.239
414.280
412.669
411.176
409.457
407.854
406.255
404.999
403.974
402.721
401.585
401.017
401.017
401.130
401.357
402.039
403.290
404.657
405.912
407.283
408.999
410.603
411.865
413.014
414.049
415.201
416.700
417.970
419.242
420.747
422.254
423.531
424.810
426.324
427.606
428.540
429.708
430.995
431.931
432.634
433.103
433.572
433.924
434.159
434.276
434.394
434.746
434.863
434.746
434.981
435.098
435.334
435.804
435.804
436.157
436.745
436.980
437.451
437.569
437.215
436.510
435.451
434.629
434.159
433.221
432.048
431.463
430.643
430.175
430.058
429.941
430.058
430.175
430.409
430.760
430.877
431.346
432.048
432.165
431.814
431.346
430.877
429.942
429.007
427.956
426.673
425.160
423.300
421.674
420.052
417.855
415.316
412.784
410.144
407.626
405.342
402.722
399.996
397.843
395.696
393.328
390.966
388.833
386.707
384.473
382.579
380.689
378.470
376.588
374.822
372.728
370.420
368.446
366.368
363.858
361.465
358.970
356.483
354.004
351.639
349.388
347.251
345.437
343.735
342.036
340.765
339.390
337.911
336.646
335.699
334.858
334.123
333.703
333.493
333.493
333.493
333.388
333.284
333.179
333.388
333.598
333.808
334.332
335.173
336.120
336.962
338.017
339.178
340.341
341.294
342.248
343.203
343.841
344.266
344.373
344.160
344.266
344.373
344.479
344.585
345.011
346.183
347.570
348.960
350.459
352.283
353.896
355.296
356.591
357.672
358.645
359.837
360.705
361.465
362.552
363.640
364.730
365.603
366.586
367.570
368.774
370.309
371.627
372.948
374.049
374.601
375.152
375.593
375.704
375.704
375.373
374.931
374.821
374.821
374.601
374.601
375.152
376.146
377.695
379.357
381.355
383.916
386.483
389.170
391.977
394.792
397.504
399.769
401.926
403.632
404.657
405.455
406.368
407.053
407.168
407.282
407.625
407.740
407.740
407.854
407.854
407.854
407.625
407.511
407.625
407.511
407.282
407.511
407.740
407.397
407.168
407.053
406.597
406.254
406.026
405.570
404.999
404.543
404.201
403.518
402.608
402.039
401.585
400.676
399.655
398.522
397.164
395.695
394.454
393.215
391.639
389.954
388.161
386.594
384.808
383.024
381.466
379.468
377.252
375.373
373.499
371.189
369.432
368.117
366.368
364.839
363.640
362.009
360.163
357.997
355.189
352.176
348.854
345.118
341.507
338.334
334.964
331.608
328.893
326.292
324.010
322.354
321.115
319.981
319.158
318.849
318.541
318.335
318.232
318.026
318.026
317.821
317.308
316.795
316.283
315.770
315.157
314.339
313.216
312.196
310.975
309.451
307.830
306.010
304.295
302.585
301.079
299.878
298.678
297.580
296.882
296.584
296.185
295.986
295.886
295.886
295.886
295.588
295.489
294.992
294.198
293.504
292.514
291.426
290.143
288.567
287.192
286.015
284.939
284.059
283.278
282.498
281.914
281.330
280.650
279.971
279.292
278.614
278.226
277.743
277.067
276.584
276.102
275.620
275.331
275.139
274.754
274.369
273.984
273.792
273.696
273.504
273.312
273.121
273.216
273.312
273.408
273.504
273.504
273.408
273.121
273.121
273.025
273.025
273.025
272.833
272.929
272.929
273.025
273.216
273.216
273.121
273.025
273.216
273.408
273.312
273.504
273.792
273.888
273.792
273.600
273.600
273.408
273.312
273.408
273.408
273.504
273.408
273.312
273.408
273.312
273.025
272.737
272.449
272.066
271.779
271.396
271.013
270.631
270.249
270.058
269.867
269.772
269.581
269.486
269.486
269.295
269.391
269.677
269.867
269.867
269.772
269.772
269.677
269.486
269.295
268.914
268.437
268.057
267.677
267.107
266.442
265.968
265.494
265.021
264.642
264.170
263.792
263.698
263.415
262.848
262.377
261.813
261.342
260.778
259.933
259.277
258.715
258.061
257.406
256.939
256.474
256.194
255.914
255.449
255.076
254.519
254.055
253.776
253.313
252.942
252.850
252.757
252.572
252.572
252.664
252.664
252.757
252.757
252.572
252.479
252.387
252.387
252.387
252.294
252.387
252.387
252.479
252.757
253.035
253.220
253.312
253.312
253.220
253.127
253.035
252.757
252.387
252.202
252.017
251.924
251.924
251.831
252.017
252.664
253.220
253.962
255.263
256.567
257.874
259.184
260.309
261.342
262.001
262.283
262.377
262.660
262.942
263.037
263.131
263.415
263.981
264.359
264.832
265.305
265.873
266.822
267.772
268.723
269.486
270.249
270.918
271.396
271.683
271.779
271.970
272.066
272.257
272.545
272.929
273.312
273.408
273.600
273.792
273.696
273.408
273.121
273.025
273.025
272.929
272.449
271.970
271.683
271.300
270.536
269.772
269.009
267.962
267.202
266.537
265.873
265.400
265.210
265.305
265.494
265.873
266.537
267.297
268.152
269.200
270.154
271.013
271.970
273.025
274.081
274.754
275.235
275.812
276.391
276.777
277.067
277.550
277.936
278.323
278.517
278.614
278.904
279.195
279.292
279.292
279.195
279.195
279.486
279.486
279.292
279.001
278.808
278.614
278.323
278.226
278.033
277.743
277.453
277.067
276.777
276.681
276.487
276.198
275.909
275.620
275.427
275.235
274.946
274.754
274.561
274.561
274.657
274.465
274.465
274.465
274.369
274.369
274.369
274.272
274.080
273.984
273.984
273.888
273.792
273.696
273.408
273.121
272.929
272.737
272.545
272.257
271.779
271.205
270.727
270.344
269.867
269.200
268.343
267.487
266.727
266.063
265.494
264.643
263.603
262.660
261.624
260.590
259.652
258.622
257.407
256.101
254.891
253.592
252.202
250.724
248.974
247.229
245.582
243.940
242.303
240.761
239.224
237.782
236.523
235.268
233.926
232.765
231.786
230.720
229.656
228.682
227.799
227.006
226.301
225.862
225.510
225.159
224.983
224.808
224.632
224.544
224.457
224.282
224.107
223.845
223.495
223.145
222.708
222.272
221.836
221.487
220.965
220.270
219.749
219.055
218.277
217.585
216.809
215.947
215.088
214.230
213.373
212.433
211.495
210.728
209.879
208.946
208.015
207.086
205.991
204.898
203.976
202.972
201.971
201.055
200.141
199.312
198.567
197.659
196.834
196.012
195.191
194.453
193.636
192.901
192.168
191.517
191.030
190.462
189.977
189.572
189.167
188.845
188.683
188.522
188.280
188.039
187.797
187.555
187.314
187.154
186.993
186.832
186.592
186.351
186.270
186.030
185.710
185.550
185.310
185.070
184.750
184.351
184.112
183.873
183.475
183.077
182.759
182.441
182.124
181.807
181.569
181.331
181.173
181.094
180.936
180.778
180.699
180.699
180.699
180.699
180.541
180.462
180.541
180.541
180.462
180.383
180.383
180.383
180.226
179.989
179.752
179.437
179.280
179.201
179.044
178.808
178.651
178.494
178.337
178.258
178.179
178.179
178.101
177.944
177.709
177.396
177.239
177.161
177.005
176.848
176.692
176.770
176.926
177.083
177.396
177.709
178.022
178.337
178.730
179.201
179.752
180.383
180.936
181.728
182.759
183.793
184.910
186.111
187.395
188.603
189.896
191.111
192.250
193.391
194.536
195.848
197.082
198.236
199.478
200.806
202.138
203.307
204.395
205.655
206.833
207.761
208.777
209.794
210.558
211.239
211.921
212.689
213.288
213.630
213.972
214.315
214.487
214.487
214.572
214.487
214.315
214.143
213.715
213.288
212.860
212.433
212.006
211.580
211.239
211.069
211.154
211.410
211.921
212.604
213.544
214.916
216.809
219.230
222.011
225.073
228.330
231.609
234.641
237.423
240.037
242.394
244.396
246.406
248.515
250.539
252.479
254.612
257.127
259.653
261.907
264.076
266.253
267.867
269.295
270.727
271.971
272.833
273.312
273.984
274.657
275.139
275.427
275.524
275.524
275.524
275.716
275.620
275.427
275.235
274.946
274.850
274.754
274.754
274.657
274.369
274.176
274.176
273.888
273.696
273.696
273.504
273.408
273.121
272.833
272.641
272.545
272.449
272.257
272.353
272.545
272.641
272.737
273.025
273.216
273.408
273.792
274.176
274.465
274.850
275.042
275.042
275.235
275.524
276.295
277.744
279.874
282.987
286.997
291.329
295.888
300.480
304.195
307.425
310.061
311.789
312.910
313.114
313.012
312.604
311.687
310.466
308.944
307.323
305.606
303.490
301.281
298.978
296.584
294.496
292.415
290.341
288.469
286.799
285.037
283.473
282.304
281.233
280.262
279.292
278.323
277.453
276.584
275.427
274.369
273.312
271.971
270.822
269.867
269.009
268.247
267.487
267.012
266.632
266.252
266.252
266.347
266.537
267.012
267.392
267.772
268.152
268.437
269.009
269.391
269.486
269.581
269.486
269.009
267.867
266.348
264.360
261.907
259.371
256.754
254.427
252.387
250.355
248.514
247.046
246.221
246.038
246.130
246.588
247.504
248.606
249.618
250.539
251.185
251.647
251.924
252.017
252.202
252.202
251.924
251.646
251.369
251.000
250.816
250.447
249.986
249.525
248.882
248.238
247.504
246.863
246.130
245.399
244.851
244.213
243.575
242.938
242.302
241.849
241.486
241.214
241.123
241.214
241.304
241.758
242.575
243.667
245.308
247.505
250.079
252.758
255.543
258.435
261.249
263.698
265.969
267.963
269.677
271.013
271.970
272.929
273.600
274.080
274.369
274.561
274.754
274.754
274.946
275.331
275.909
276.874
278.421
280.651
283.376
286.605
290.045
293.604
297.282
300.780
303.994
307.121
309.959
312.401
314.748
316.795
318.644
320.290
321.631
323.077
324.423
325.460
326.707
327.955
329.205
330.772
332.236
333.598
335.384
337.384
339.073
340.447
341.612
342.885
343.947
344.266
344.479
344.692
344.479
344.160
343.735
342.885
342.142
341.400
340.341
339.178
337.806
336.225
334.648
332.865
330.876
328.997
327.019
325.045
322.871
320.497
318.130
315.464
312.808
310.162
307.122
304.295
301.782
299.078
296.683
294.694
292.811
291.031
289.257
287.389
285.526
283.767
282.206
280.747
279.389
278.130
277.067
276.487
276.005
275.716
275.524
275.235
275.042
274.850
274.657
274.465
274.272
274.176
274.176
274.080
273.984
273.696
273.312
273.121
272.737
272.162
271.779
271.683
271.396
271.013
271.013
271.013
270.727
270.440
270.344
270.344
270.535
270.918
271.492
272.258
272.833
273.408
274.177
274.850
275.524
276.005
276.198
276.391
276.198
275.235
273.505
270.823
267.393
263.322
258.624
253.964
249.711
246.405
244.851
245.399
248.424
253.873
261.441
270.447
280.269
290.347
300.385
310.574
321.225
332.663
344.167
355.194
364.624
371.959
377.142
380.134
381.355
381.022
379.579
377.474
375.153
373.058
370.969
368.775
366.914
365.166
363.096
361.030
359.079
356.915
354.650
352.605
350.888
349.388
348.211
347.250
346.290
345.118
344.054
342.991
341.718
340.236
338.228
335.594
332.655
329.623
326.499
323.492
320.600
317.617
314.748
312.197
309.756
307.526
305.304
303.389
302.083
300.879
299.777
298.878
298.079
297.380
296.783
296.285
295.986
295.886
295.688
295.588
295.588
295.588
295.588
295.787
295.986
295.986
295.886
295.687
295.389
294.694
293.801
292.910
292.019
291.031
289.946
288.863
287.781
286.603
285.526
284.743
284.059
283.181
282.109
281.136
280.359
279.582
278.711
277.840
277.163
276.681
276.102
275.331
274.946
274.754
274.465
274.176
273.888
273.696
273.504
273.312
273.121
272.929
272.833
272.833
272.929
273.121
273.121
273.312
273.600
273.696
273.792
273.984
274.369
274.657
274.946
275.427
275.716
275.909
276.294
276.487
276.970
277.743
278.226
278.517
278.711
279.001
279.389
279.679
279.679
279.679
279.873
280.359
281.330
282.498
283.864
285.624
287.978
290.834
294.100
297.780
301.481
305.506
309.756
313.522
317.412
321.425
324.839
328.060
331.295
334.123
336.542
338.651
340.659
342.461
344.054
345.544
346.823
347.997
348.853
349.494
350.137
350.566
350.888
351.209
351.531
351.960
352.175
351.960
351.960
352.175
352.175
351.960
351.853
352.068
352.390
352.605
352.605
352.820
353.035
353.573
354.219
354.757
355.296
355.943
356.699
356.807
356.807
356.915
356.699
356.267
356.375
356.591
356.699
357.239
357.996
358.537
358.970
359.620
359.837
359.945
360.053
359.837
359.403
359.079
358.970
358.645
358.212
357.671
357.131
356.807
356.699
356.375
355.943
355.619
355.296
354.757
354.003
353.250
352.068
350.673
349.067
347.250
345.331
343.204
341.083
338.651
336.121
333.704
331.294
328.893
326.395
323.803
321.322
319.055
316.488
313.931
311.688
309.350
307.020
304.497
302.183
300.178
297.880
295.689
293.901
292.119
290.242
288.371
286.310
284.255
282.110
279.874
277.647
275.428
273.313
271.205
269.295
267.677
266.253
265.021
263.887
262.943
262.001
261.248
260.684
260.215
260.215
260.496
260.778
261.060
261.530
262.095
262.471
262.660
262.754
262.565
262.283
262.001
261.530
261.154
260.966
260.590
260.027
259.464
259.089
259.089
259.558
260.121
260.872
262.095
263.415
265.022
266.632
268.153
269.772
271.300
273.121
274.850
276.488
278.033
279.098
280.262
281.525
282.498
283.376
284.254
284.939
285.525
286.015
286.211
286.211
286.211
285.819
285.232
284.743
284.059
282.986
281.623
279.971
277.937
275.428
272.546
269.773
267.012
263.888
260.685
257.781
255.078
252.480
249.987
247.780
245.948
244.396
242.848
241.486
240.399
239.495
238.593
237.872
237.422
236.882
236.612
236.343
235.895
235.536
235.356
235.177
235.088
235.088
235.088
235.177
235.267
235.446
235.626
235.895
236.433
236.972
237.241
237.512
237.782
238.142
238.592
239.133
239.676
240.308
240.942
241.486
242.211
242.938
243.757
244.395
244.943
245.490
245.764
246.039
246.588
246.863
246.863
247.321
247.779
248.054
248.238
248.514
248.882
249.066
249.157
248.882
248.698
248.606
248.238
247.871
247.596
247.412
247.321
247.138
246.863
246.863
246.863
246.863
246.771
246.405
245.947
245.490
245.034
244.395
243.666
242.938
242.302
241.849
241.395
240.942
240.760
240.670
240.760
241.032
241.304
241.758
242.393
243.302
244.304
245.308
246.588
247.871
249.158
250.447
251.462
252.387
253.313
254.334
255.356
256.380
257.407
258.435
259.558
260.684
261.530
262.283
263.320
264.359
265.210
265.873
266.442
267.012
267.772
269.105
270.918
272.929
275.621
279.099
283.085
287.390
291.526
295.789
300.480
305.002
309.046
312.605
315.669
318.644
321.218
323.802
326.187
327.851
329.414
330.667
331.608
332.445
333.284
334.018
334.753
335.173
335.384
335.804
336.120
336.435
336.646
336.857
337.489
338.017
338.333
338.649
339.072
339.389
339.284
339.178
338.755
337.806
337.067
335.910
334.438
333.284
331.713
330.145
328.788
326.915
324.735
322.664
320.497
318.336
316.079
313.625
311.077
308.336
305.505
302.585
299.478
296.683
293.901
290.933
288.076
285.037
282.207
279.584
276.874
274.466
272.354
270.536
268.914
267.392
266.158
265.116
264.548
264.170
263.792
263.603
263.509
263.415
263.320
263.226
262.942
262.660
262.377
262.095
262.001
261.813
261.718
262.001
262.189
262.283
262.565
262.848
263.037
262.942
262.848
262.942
262.754
262.754
262.754
262.660
262.754
263.037
263.509
263.887
264.359
264.831
265.400
265.779
266.158
266.631
266.917
267.297
267.582
267.772
267.962
268.247
268.532
269.105
270.345
272.067
274.178
276.875
280.263
284.158
288.569
293.109
297.581
301.983
306.516
310.874
315.056
319.056
322.561
325.668
328.372
330.876
333.179
335.279
337.173
339.179
341.401
343.416
345.225
347.357
349.388
351.102
352.928
354.757
356.267
357.780
358.862
359.295
359.512
359.187
358.429
357.023
355.081
352.928
350.566
348.104
345.438
342.674
339.919
337.384
334.859
332.132
329.414
326.603
323.596
320.497
317.412
314.339
311.179
308.336
305.606
303.088
301.080
299.178
297.381
295.589
293.901
292.217
290.636
289.158
287.487
285.820
284.060
282.401
280.651
278.711
276.970
275.139
273.216
271.300
269.295
267.297
265.684
264.170
262.660
261.436
260.496
259.746
258.996
258.435
258.061
257.687
257.220
256.753
256.660
256.660
256.287
255.914
255.635
255.263
254.891
254.241
253.776
253.498
253.035
252.664
252.294
252.017
251.739
251.554
251.369
251.000
250.631
250.447
250.078
249.709
249.617
249.341
248.974
248.698
248.330
247.962
247.779
247.412
246.954
246.496
246.039
245.673
245.308
244.943
244.669
244.486
244.486
244.760
245.399
246.405
247.872
249.711
251.555
253.314
255.078
256.941
258.622
260.215
261.718
262.754
263.698
264.453
264.737
265.116
265.494
266.063
267.107
268.724
270.919
273.889
277.938
282.597
287.587
292.813
298.180
303.391
308.337
312.605
316.284
319.879
322.975
325.564
327.747
329.623
331.503
333.179
334.438
335.804
336.962
337.806
338.861
339.918
340.976
341.824
342.354
342.885
343.416
343.947
344.266
344.054
343.947
344.054
343.841
344.054
344.054
343.735
344.160
344.266
344.160
344.479
344.904
345.330
345.757
346.076
346.823
347.463
347.356
347.677
347.997
347.784
347.890
347.784
347.249
347.143
347.249
347.356
347.463
347.890
348.746
349.387
349.709
350.137
350.459
350.566
350.780
351.102
351.423
351.531
351.746
351.960
352.283
352.928
353.357
353.357
353.250
352.820
351.746
350.780
350.030
348.532
346.610
344.480
342.567
340.977
339.178
337.700
336.331
335.278
334.543
333.703
332.655
331.712
331.085
330.249
329.622
328.997
327.955
327.018
326.394
325.771
324.838
323.905
323.181
322.354
321.218
319.673
318.438
317.411
316.180
314.952
313.828
312.604
311.280
310.365
309.552
308.640
307.627
306.919
306.211
305.303
304.899
304.597
304.093
303.791
303.690
303.690
303.690
303.590
303.489
303.389
303.288
303.288
303.288
303.489
304.093
305.000
305.807
306.716
307.829
309.147
310.873
312.706
314.339
315.874
317.720
319.570
321.322
323.285
325.253
327.018
328.476
329.936
331.399
332.550
333.703
334.542
335.173
336.015
336.435
336.435
336.120
335.699
334.963
333.598
332.027
330.249
328.268
325.980
323.595
321.219
318.438
315.464
312.706
309.858
306.818
303.692
300.579
297.680
294.794
291.822
288.765
285.624
282.304
278.905
275.525
272.067
268.724
265.496
262.378
259.559
256.847
254.427
252.572
250.816
249.158
247.688
246.588
245.673
244.760
244.213
243.848
243.484
243.211
243.029
242.847
242.574
242.211
241.849
241.486
241.304
241.123
240.760
240.670
240.760
240.760
240.670
240.579
240.670
240.579
240.308
239.947
239.495
238.953
238.322
237.782
237.152
236.433
235.805
235.088
234.372
233.747
233.122
232.409
231.785
231.252
230.453
229.744
229.036
228.328
227.711
226.917
226.213
225.598
224.983
224.457
224.020
223.582
223.057
222.708
222.446
222.185
222.010
221.836
221.836
221.836
221.836
221.923
222.010
222.185
222.446
222.708
222.795
222.882
222.970
222.970
222.882
222.708
222.446
222.272
222.272
222.272
222.446
223.232
224.370
226.126
228.772
231.876
235.448
239.225
242.849
246.315
249.711
252.943
255.822
258.154
260.215
262.001
263.320
264.359
265.210
265.873
266.252
266.442
266.727
267.107
267.392
267.582
268.152
269.582
271.875
275.044
279.003
283.378
288.176
293.010
297.282
301.382
305.304
308.640
311.382
313.522
315.054
316.078
316.898
317.411
317.411
317.411
317.308
316.898
316.488
316.078
315.770
315.566
315.463
315.463
315.566
315.770
316.078
316.283
316.385
316.693
316.795
316.693
316.693
316.693
316.488
316.078
315.566
314.748
313.726
312.808
311.687
310.670
309.654
308.335
306.919
305.202
303.490
301.882
300.278
298.478
296.982
295.788
294.496
293.504
292.514
291.525
290.735
290.143
289.552
288.961
288.567
288.272
288.272
288.469
288.666
288.961
289.354
289.453
289.453
289.453
289.059
288.469
287.683
286.898
286.309
285.428
284.352
283.571
282.693
281.622
280.650
279.873
279.098
278.227
277.743
277.260
276.681
276.102
275.524
274.850
273.793
272.641
271.205
269.677
268.248
266.633
264.927
263.415
262.001
260.497
259.277
258.248
257.500
256.847
256.008
255.542
255.170
254.519
253.869
253.405
252.942
252.479
251.924
251.369
251.093
250.724
250.355
249.986
249.433
248.698
247.963
247.229
246.222
245.308
244.304
243.211
242.030
240.580
239.044
237.602
236.343
234.999
233.747
232.587
231.430
230.188
229.036
228.064
226.830
225.598
224.370
223.145
221.923
220.531
219.402
218.363
217.154
216.034
214.916
213.887
213.031
212.262
211.580
210.899
210.303
209.879
209.454
209.115
208.945
208.776
208.776
208.945
209.115
209.454
209.879
210.559
211.410
212.177
213.202
214.573
215.948
217.154
218.363
219.836
221.226
222.447
223.670
224.545
225.422
226.213
226.477
226.565
226.741
226.653
226.477
226.477
226.565
226.653
226.741
227.006
227.358
227.799
228.151
228.505
228.859
229.213
229.567
229.921
230.453
231.253
232.320
233.390
234.641
235.984
237.242
238.503
239.766
240.942
241.939
242.938
243.848
244.304
244.577
244.669
244.213
243.211
241.758
239.947
237.872
235.716
233.480
231.253
229.302
227.535
225.950
224.633
223.495
222.359
221.226
220.270
219.402
218.536
217.672
216.895
216.291
215.689
215.174
214.830
214.401
214.229
214.058
213.801
213.715
213.801
213.886
213.801
213.544
213.117
212.433
211.410
210.219
208.777
207.340
205.991
204.647
203.474
202.471
201.638
201.221
201.055
201.138
201.721
202.722
204.312
206.412
208.947
211.837
215.003
218.451
222.012
225.248
228.241
230.897
233.212
235.268
236.703
237.692
238.322
238.863
239.224
239.405
239.676
240.218
240.942
242.212
244.579
248.056
252.759
258.344
264.457
270.921
277.262
283.574
289.653
295.094
300.179
304.901
309.046
312.503
315.157
316.898
317.924
318.643
318.849
318.541
318.232
317.616
316.795
316.180
315.463
314.441
313.419
312.604
311.789
311.076
310.365
309.654
309.349
309.146
308.741
308.335
307.930
307.626
307.424
307.222
307.222
307.222
307.222
307.323
307.323
307.323
307.626
308.133
308.335
308.437
309.146
310.263
311.280
312.400
313.522
314.952
316.488
318.028
319.776
321.632
323.492
325.357
327.539
329.727
331.713
334.018
336.225
338.123
340.130
341.930
344.054
346.183
347.998
349.816
351.639
353.466
355.081
356.591
357.888
358.970
359.945
360.705
361.356
362.008
362.551
362.769
362.551
362.225
361.899
361.139
360.054
358.538
356.915
355.189
353.036
350.888
348.853
346.824
344.586
342.567
340.765
339.073
337.489
335.804
334.228
333.179
332.445
331.608
330.562
329.622
329.101
328.579
328.058
327.538
326.914
326.187
325.356
324.734
324.112
323.491
323.077
323.077
323.284
323.284
323.181
322.974
322.560
322.043
321.012
319.569
318.233
317.001
315.669
314.033
312.400
310.568
308.741
306.919
305.000
302.987
300.879
298.978
297.381
295.589
293.505
291.822
290.340
288.371
286.505
284.841
282.986
281.136
279.002
276.392
273.122
269.582
266.064
262.285
258.623
255.357
252.572
250.263
248.147
246.405
244.943
243.393
241.758
240.128
238.503
236.793
235.178
233.836
232.587
231.342
230.187
229.301
228.505
227.711
227.006
226.389
225.686
224.896
224.282
223.845
223.320
222.708
222.185
221.836
221.662
221.487
221.226
220.965
220.791
220.617
220.357
220.009
219.662
219.402
219.055
218.709
218.277
217.844
217.498
216.981
216.464
215.861
215.259
214.658
213.972
213.373
212.604
211.750
210.984
210.303
209.539
208.692
207.846
207.002
206.328
205.654
205.234
204.815
204.311
203.892
203.390
203.056
202.722
202.387
202.054
201.638
201.221
200.805
200.390
199.892
199.312
198.732
198.236
197.576
196.917
196.258
195.683
195.191
194.617
194.453
194.945
196.094
198.072
201.056
204.984
209.712
214.833
220.099
225.073
229.569
233.480
236.703
239.134
240.671
241.758
242.393
242.665
242.756
242.484
242.121
241.667
241.123
240.760
240.489
240.489
240.760
241.395
242.302
243.302
244.487
245.765
246.954
248.055
249.157
250.262
251.185
252.109
253.035
253.776
254.705
255.728
256.660
257.780
259.184
260.685
262.755
265.590
268.820
272.642
277.069
281.527
285.919
289.947
293.505
296.883
299.878
302.284
304.094
305.606
306.919
308.234
309.146
309.755
310.263
310.771
311.585
312.298
313.012
313.828
314.850
315.976
317.103
318.644
320.600
322.871
325.253
327.851
330.563
332.760
334.438
335.804
336.857
337.595
338.544
339.707
340.765
342.036
343.416
344.585
345.757
347.036
348.318
349.495
350.888
352.283
353.573
354.973
356.375
357.672
358.862
360.054
361.248
362.552
363.640
364.293
364.839
365.493
365.930
366.039
365.821
365.275
364.512
363.749
362.769
361.356
359.729
357.780
355.620
353.788
351.961
349.923
348.104
346.183
344.266
342.461
340.342
338.334
336.436
334.543
332.655
330.980
329.414
327.747
326.187
324.631
322.974
321.115
319.569
318.028
316.283
314.850
313.726
312.910
312.094
311.585
311.686
312.094
313.216
314.645
315.976
317.720
319.982
322.251
324.528
327.123
329.623
332.341
335.174
337.912
340.765
343.417
346.504
349.817
352.713
355.728
358.971
362.117
365.058
368.337
371.738
374.821
377.917
380.800
383.247
385.589
387.601
388.833
389.730
390.515
390.740
390.965
391.301
390.965
390.852
390.852
390.515
390.291
389.954
389.842
389.730
389.393
389.281
389.281
389.281
388.833
388.161
387.601
386.706
385.812
385.142
384.472
384.026
383.469
382.690
382.133
381.577
381.133
380.799
380.244
379.800
379.356
378.470
377.805
377.362
376.809
376.036
375.152
374.711
374.049
373.278
372.507
371.627
370.748
369.651
368.446
367.351
366.585
365.493
364.076
362.661
361.030
359.295
357.456
355.297
353.036
350.674
348.211
345.757
343.417
341.083
338.651
336.331
334.123
331.818
329.623
327.539
325.460
323.492
321.528
319.673
317.617
315.464
313.318
311.382
309.452
307.324
305.203
303.188
301.180
299.278
297.581
295.987
294.694
293.405
292.118
290.834
289.552
288.371
286.996
285.624
284.450
283.278
282.109
281.039
279.971
278.904
278.130
277.453
276.681
275.813
275.235
274.754
274.272
274.465
275.235
276.392
278.034
279.971
282.110
284.548
286.996
289.355
291.822
294.199
296.086
297.680
299.178
300.378
301.280
301.881
302.283
302.786
303.590
304.799
306.413
308.336
310.467
312.808
315.362
317.925
320.600
323.284
325.668
328.060
330.981
334.018
336.647
339.390
342.142
344.692
347.357
349.817
351.961
354.435
356.807
358.754
360.597
362.770
365.057
366.805
368.446
370.090
371.408
372.617
373.608
374.601
375.483
376.257
376.920
377.473
377.805
377.805
377.805
377.694
377.694
377.473
377.252
377.031
376.699
377.031
377.583
378.137
379.135
380.244
381.577
382.801
383.803
384.695
385.589
387.042
388.385
389.057
389.842
390.740
391.301
392.089
392.989
393.439
393.552
393.552
393.552
393.665
393.777
393.777
393.665
393.552
393.439
393.326
393.214
393.214
393.439
393.552
393.890
394.679
395.469
396.373
397.503
398.748
400.450
402.267
403.404
404.658
406.140
407.054
408.312
409.227
409.685
410.373
410.259
410.603
411.291
411.405
411.520
411.520
411.405
411.405
411.520
411.520
411.865
411.980
411.980
412.095
411.865
411.865
411.750
411.176
410.488
410.144
409.457
408.655
408.197
407.397
406.825
406.254
405.684
405.113
404.429
404.087
403.974
403.746
403.177
402.607
402.721
402.835
402.721
402.721
402.607
402.721
402.721
402.493
402.380
402.607
402.607
402.607
402.835
402.835
402.607
402.380
402.266
401.812
401.585
401.585
401.585
401.471
401.130
401.017
401.130
401.244
401.017
401.017
401.244
401.471
401.925
402.152
402.494
403.063
403.518
404.429
404.999
404.999
405.227
405.570
405.570
405.227
404.771
404.315
403.974
403.177
402.380
401.925
401.357
400.676
400.335
400.335
400.108
399.655
399.088
398.635
397.956
397.164
396.712
396.034
395.469
394.905
394.228
393.440
392.314
391.639
390.965
390.067
389.169
388.049
386.818
385.365
383.692
382.134
380.356
378.249
376.147
374.270
371.958
369.213
366.914
364.621
362.118
359.512
356.915
354.219
351.425
348.533
345.651
342.780
339.919
337.068
334.019
330.981
328.268
325.980
323.906
321.941
320.393
319.055
317.924
317.206
316.488
315.770
315.259
314.748
314.134
313.521
312.604
311.788
310.975
309.958
309.146
308.335
307.323
306.312
305.504
304.597
303.590
302.786
301.882
300.979
300.378
299.478
298.678
297.879
296.982
296.185
295.489
294.794
293.900
293.207
292.514
291.821
291.327
290.636
290.044
289.650
289.158
288.764
288.272
287.486
286.799
286.309
285.819
285.427
285.036
284.645
284.450
284.450
284.352
284.547
285.134
285.917
287.094
288.666
290.340
292.119
294.199
296.484
299.078
302.184
305.001
308.033
311.382
314.033
316.386
318.644
320.806
322.767
324.942
327.747
329.622
330.772
332.551
334.123
335.699
337.700
339.918
342.036
344.373
347.037
349.603
352.499
355.189
357.456
359.946
362.226
364.185
365.821
367.242
368.774
370.200
371.408
372.507
373.829
375.042
376.036
376.699
377.141
377.805
378.581
379.356
379.911
380.466
381.244
382.022
383.024
384.026
384.584
385.030
385.477
385.477
385.030
384.472
383.581
382.690
381.800
381.022
380.244
379.467
379.024
378.470
377.805
377.694
378.137
378.359
378.691
379.246
379.911
381.244
382.912
384.138
385.589
387.489
389.057
390.628
392.201
393.552
395.131
396.938
398.522
399.882
401.244
402.494
403.290
404.201
405.227
405.798
406.026
406.026
405.684
404.885
404.087
403.290
402.267
400.336
398.296
396.486
393.778
391.527
390.628
389.506
388.385
386.819
384.362
382.245
380.245
378.691
377.805
376.920
375.704
374.821
374.380
373.829
373.058
372.397
371.957
371.407
371.077
370.638
369.761
368.993
368.117
367.132
366.258
365.057
363.640
362.334
361.139
360.054
359.079
358.320
357.563
356.915
356.807
356.591
356.159
355.943
355.835
356.159
357.023
358.754
361.031
363.314
365.930
368.556
370.859
373.279
375.705
378.138
380.800
383.581
386.707
390.180
394.117
398.183
402.267
406.483
410.604
414.511
418.549
422.487
426.208
429.358
431.815
434.630
437.570
439.809
441.581
443.237
444.659
445.845
446.676
447.151
447.627
447.627
447.389
447.270
447.151
446.914
446.676
446.676
446.082
444.659
443.356
442.054
440.281
438.747
436.981
434.982
433.572
432.283
430.760
429.941
429.474
429.124
428.773
428.073
427.023
425.509
423.996
422.603
421.211
419.705
418.201
416.124
414.049
412.784
412.095
412.095
412.095
412.669
414.165
415.777
416.931
418.086
419.589
420.979
422.254
423.183
424.345
425.625
426.207
426.440
427.023
427.606
427.839
428.073
428.306
428.657
428.423
428.423
428.890
428.890
428.657
428.657
428.773
428.540
428.189
427.956
427.489
427.139
426.673
425.974
425.858
425.276
424.113
423.183
422.486
421.674
420.631
419.358
417.970
416.815
415.777
414.740
413.819
412.899
412.095
411.635
411.405
411.061
410.717
410.488
410.373
410.373
410.488
410.832
411.406
412.439
413.589
414.970
416.354
417.162
417.970
418.895
419.473
420.052
420.863
421.558
422.486
423.415
424.113
424.461
425.043
425.625
425.508
425.508
425.625
425.625
425.625
425.625
425.974
426.906
428.073
429.240
430.878
432.634
433.572
433.807
434.159
435.216
436.157
437.098
438.276
438.747
439.337
440.399
441.463
442.409
443.711
445.133
446.082
446.914
448.103
449.531
450.842
452.034
453.468
455.023
455.980
457.059
458.259
459.340
460.662
462.227
463.432
464.518
465.726
466.451
466.572
466.814
466.814
466.330
466.330
466.088
466.209
466.451
466.088
466.088
466.330
466.693
467.661
468.872
469.720
470.691
471.662
472.634
473.729
474.581
475.555
476.653
477.751
478.973
480.073
481.175
482.154
483.258
484.240
484.853
484.976
485.222
485.837
486.574
487.682
488.298
489.530
491.258
492.741
493.977
495.340
496.579
497.199
497.943
498.813
499.310
499.310
499.062
498.068
497.075
495.959
494.101
492.370
490.641
488.791
487.067
485.100
483.136
481.297
479.461
477.629
475.678
473.607
471.784
469.963
467.661
465.485
463.674
461.866
460.301
458.740
457.179
455.981
454.664
453.468
452.751
452.154
451.557
451.318
450.961
450.365
449.412
448.578
448.340
447.984
447.508
447.270
447.389
447.389
447.389
447.865
448.578
449.531
450.603
451.676
453.229
455.023
456.940
459.220
461.264
463.674
466.573
468.993
471.177
473.243
475.312
477.752
479.951
481.419
482.645
483.503
484.240
484.976
485.345
485.960
486.574
486.820
487.066
487.066
487.312
487.312
487.066
487.559
488.791
490.147
491.876
493.977
495.587
496.827
496.827
495.959
494.720
492.864
490.641
487.806
484.977
482.033
479.217
477.141
475.068
472.635
469.842
466.452
462.710
458.860
454.545
450.366
446.677
442.883
438.748
434.982
431.698
428.540
425.393
422.487
419.821
416.931
413.935
410.833
407.511
404.202
400.904
397.617
394.342
390.966
387.937
385.142
382.134
379.579
377.253
374.932
373.168
371.408
369.432
367.789
366.367
364.839
362.987
361.465
360.163
358.754
358.104
357.887
357.671
357.239
356.807
356.159
354.973
353.788
352.713
351.531
350.030
348.532
347.250
345.970
344.905
343.841
342.567
341.400
340.235
338.756
337.278
335.804
334.123
332.446
330.980
329.727
328.580
327.746
326.914
325.875
324.838
323.905
323.077
322.250
321.321
320.393
319.569
318.746
318.129
317.718
317.206
316.488
315.873
315.566
315.259
314.952
314.748
314.543
314.134
314.032
314.134
314.032
313.930
313.930
314.032
314.134
314.134
314.134
314.236
314.441
314.748
314.952
315.157
315.566
315.975
316.488
317.206
317.718
318.129
318.746
319.466
319.981
320.393
320.806
321.321
322.044
323.077
324.424
325.980
327.747
329.727
332.027
334.439
336.963
339.496
341.930
344.586
347.357
350.031
352.498
354.111
354.542
354.219
353.358
352.283
350.995
349.281
347.037
344.267
340.977
338.334
336.857
336.752
338.756
342.568
347.786
353.898
360.490
367.573
374.382
380.579
386.484
391.528
395.696
399.542
403.519
407.741
412.786
418.318
423.300
427.140
429.474
430.643
431.112
430.293
428.423
426.440
424.926
423.996
423.183
422.602
422.370
421.906
421.326
421.558
422.370
423.648
425.975
428.540
430.878
433.338
435.216
436.981
438.865
440.163
441.226
441.935
442.882
443.829
443.829
443.119
442.645
442.172
440.636
439.337
438.158
436.627
435.099
433.690
432.400
431.112
429.942
428.307
426.790
425.509
423.416
421.558
419.936
417.624
415.431
413.474
411.406
409.228
406.940
405.113
403.632
402.380
401.017
399.088
397.390
395.470
392.652
389.506
386.036
382.356
378.914
375.595
372.618
370.419
368.993
368.117
367.898
368.555
369.322
370.090
371.408
372.948
374.380
375.815
377.584
379.357
380.910
382.802
384.473
385.924
387.601
389.057
390.403
391.639
392.764
393.777
394.792
395.921
396.938
398.182
399.315
400.109
401.471
402.721
403.632
404.657
405.570
405.798
405.798
405.798
405.912
406.140
405.798
405.113
404.315
403.404
402.267
401.017
399.542
397.843
396.034
394.116
392.539
390.965
388.498
386.036
383.693
381.133
378.248
375.153
372.068
369.103
366.040
362.878
359.621
356.160
352.606
348.960
345.331
341.613
338.123
334.439
330.772
327.124
323.182
319.262
315.363
311.484
307.729
304.094
300.479
297.182
294.198
291.624
289.355
287.094
284.939
283.181
281.720
280.359
279.389
278.808
278.517
278.614
278.904
279.195
279.679
280.261
280.845
281.136
281.136
280.747
279.777
278.324
276.585
274.754
272.833
271.205
270.631
271.300
273.217
276.489
280.457
284.745
288.765
292.119
294.496
295.787
296.584
296.384
295.390
294.000
291.921
289.552
287.291
284.939
282.791
280.942
279.486
278.420
277.357
276.487
275.716
274.946
274.369
273.888
273.216
272.641
272.257
271.683
271.205
270.727
270.249
269.963
269.772
269.486
268.914
268.723
268.819
268.723
268.532
268.437
268.437
268.437
268.342
268.342
268.628
269.009
269.295
269.486
269.963
270.631
271.300
271.970
272.641
273.408
274.273
275.331
276.488
277.840
279.777
282.110
284.842
287.880
291.526
295.589
299.579
303.994
308.438
312.911
317.104
321.116
325.566
329.623
333.285
336.752
339.813
342.249
344.267
346.290
348.104
349.495
350.995
352.713
354.003
355.081
356.483
357.888
359.187
360.488
361.573
362.443
363.313
364.294
364.948
365.384
365.930
366.258
366.695
367.241
367.460
368.007
368.774
369.541
370.200
370.638
371.518
372.067
372.287
372.727
372.727
372.507
372.067
371.407
370.638
369.761
368.884
368.007
366.914
365.821
364.839
363.640
362.226
360.705
358.862
356.483
353.574
350.245
346.930
343.629
340.025
336.226
332.655
329.310
326.292
323.596
321.322
319.570
318.130
317.103
316.385
315.873
315.463
315.054
314.850
314.543
314.032
313.317
312.298
311.381
310.466
309.045
307.728
306.413
304.899
303.490
302.283
300.979
299.478
298.378
297.281
296.384
295.489
294.595
293.999
293.405
293.009
292.613
292.118
291.920
291.821
291.623
291.327
291.130
291.031
291.031
290.932
290.834
290.932
291.130
291.426
291.722
292.118
292.415
292.910
293.801
294.595
295.092
295.489
295.787
295.886
295.986
295.688
295.191
294.794
294.396
293.999
293.405
292.712
292.217
291.722
291.031
290.537
289.847
289.158
288.666
287.977
287.094
286.211
285.525
284.841
284.059
283.278
282.693
282.109
281.233
280.165
279.292
278.517
277.260
276.102
274.754
273.025
271.396
269.391
267.487
265.779
263.981
262.284
260.966
259.746
258.715
257.874
256.940
256.380
256.101
255.728
255.263
254.984
254.705
254.519
254.426
254.148
253.776
253.405
253.127
252.850
252.387
251.924
251.554
251.093
250.724
250.447
250.078
249.801
249.525
249.066
248.422
247.962
247.779
247.596
247.321
247.229
247.046
246.496
246.039
245.673
245.399
245.125
244.760
244.577
244.213
243.575
243.302
242.938
242.574
242.393
242.121
241.849
241.576
241.214
240.760
240.489
240.398
240.308
240.127
239.766
239.585
239.495
239.314
239.224
238.953
238.502
238.052
237.602
237.062
236.523
235.715
234.909
234.194
233.568
233.033
232.320
231.608
230.897
230.276
229.832
229.301
228.771
228.240
227.711
227.182
226.565
226.037
225.422
224.808
224.282
223.670
223.057
222.533
222.010
221.313
220.617
219.923
219.142
218.363
217.671
217.067
216.378
215.517
214.830
214.315
213.544
212.774
212.091
211.495
210.983
210.473
210.049
209.709
209.369
209.115
208.945
208.776
208.692
208.607
208.522
208.607
208.946
209.454
210.304
211.665
213.459
215.690
218.451
221.576
224.634
227.447
230.100
232.498
234.462
236.164
237.782
239.405
240.942
242.576
244.213
246.040
248.147
250.171
252.202
254.334
256.381
258.248
260.121
261.907
263.320
264.454
265.400
265.968
266.063
265.684
265.305
264.926
264.642
264.642
264.737
264.831
265.116
265.589
265.968
266.347
266.631
267.202
267.677
267.867
268.247
268.532
268.628
268.914
269.868
271.588
273.697
276.199
279.293
282.304
285.037
287.585
289.750
291.624
292.712
293.405
293.702
293.306
292.811
291.920
290.932
289.749
288.371
287.192
286.211
285.330
284.450
283.473
282.304
281.233
280.165
279.195
278.323
277.357
276.295
275.139
274.273
273.696
273.025
272.353
271.970
271.683
271.396
271.300
271.587
272.353
273.312
274.273
275.139
276.006
276.874
277.646
278.517
279.098
279.486
279.679
279.679
279.776
279.776
279.582
279.389
279.195
279.001
278.614
278.129
277.743
277.357
277.067
276.777
276.584
276.294
275.812
275.331
274.946
274.561
274.176
273.888
273.696
273.504
273.504
273.600
273.408
273.216
273.216
273.216
273.121
272.929
272.737
272.737
272.833
272.641
272.449
272.162
271.683
271.587
271.492
271.205
270.918
270.727
270.535
270.249
270.058
270.058
270.058
269.867
269.772
269.677
269.581
269.581
269.391
268.914
268.437
268.057
267.392
266.442
265.589
264.737
263.603
262.566
261.624
260.590
259.652
258.809
257.967
256.940
256.101
255.356
254.519
253.684
252.757
251.832
251.093
250.447
249.802
249.157
248.790
248.422
247.779
247.412
247.046
246.496
246.039
245.582
245.125
244.760
244.395
244.030
243.757
243.393
242.938
242.665
242.393
242.121
241.849
241.667
241.576
241.304
241.214
241.123
241.032
240.851
240.489
240.218
239.676
239.314
239.133
238.772
238.592
238.502
238.322
238.142
238.142
238.412
238.772
239.133
239.947
241.304
242.939
244.943
246.954
248.974
250.908
252.572
254.055
255.170
256.101
256.846
257.126
257.219
257.406
257.593
257.500
257.406
257.220
256.939
256.660
255.914
255.077
254.055
252.850
251.740
250.447
249.066
247.780
246.771
245.948
245.034
244.304
243.939
243.666
243.120
242.665
242.393
242.030
241.576
240.851
240.127
239.585
238.773
237.782
237.062
236.254
235.357
234.551
233.836
233.389
232.943
232.409
231.874
231.518
231.252
230.986
230.808
230.720
230.720
230.542
230.453
230.720
230.897
230.986
230.986
231.075
231.163
231.341
231.607
231.607
231.696
231.964
232.142
232.231
232.409
232.498
232.498
232.498
232.587
232.765
233.211
234.194
235.806
237.872
240.490
243.303
246.223
249.250
252.110
255.264
258.623
262.379
267.014
272.452
278.520
285.235
292.419
299.681
306.618
312.912
318.645
324.114
329.311
333.809
337.701
341.083
343.948
346.610
349.067
351.102
352.820
354.542
356.484
358.646
360.705
362.661
364.949
367.133
369.432
372.068
374.490
377.252
379.912
382.245
384.473
386.483
388.161
389.842
391.752
393.102
394.454
395.808
396.599
397.617
398.635
399.542
400.449
401.244
401.925
402.494
403.177
403.746
403.974
404.087
404.087
404.087
404.201
404.201
403.860
403.290
402.835
402.153
401.130
399.995
398.635
396.938
395.018
392.990
390.629
388.049
385.924
383.581
380.911
378.359
375.815
373.609
371.518
369.323
367.133
365.057
362.879
360.597
358.754
356.915
355.081
353.573
351.747
350.030
348.639
347.357
346.290
345.330
344.479
343.841
342.991
342.248
342.036
341.930
342.142
342.460
342.885
343.416
344.373
345.543
346.396
346.823
346.716
346.716
346.609
346.183
345.757
345.118
344.266
343.841
343.735
343.735
343.841
344.373
345.117
345.863
347.143
348.639
350.137
351.961
354.327
356.915
359.621
362.444
365.385
368.227
371.079
374.050
376.588
378.802
381.022
383.247
385.254
387.154
388.945
390.403
391.526
392.539
393.439
394.341
395.356
395.920
395.920
395.582
395.356
394.905
393.890
392.426
390.740
389.169
387.601
385.812
383.581
381.355
379.024
376.257
373.609
370.420
367.133
363.859
360.380
357.240
353.896
350.567
347.571
344.693
341.930
339.601
337.173
334.544
332.027
329.623
327.331
324.838
322.251
319.673
317.001
314.441
312.095
309.756
307.728
306.111
304.597
303.087
301.982
300.979
299.977
299.077
298.178
297.679
297.081
296.484
295.986
295.290
294.595
293.999
293.306
292.613
292.019
291.130
290.143
289.453
288.666
287.683
286.701
285.721
284.547
283.181
281.914
280.747
279.680
278.517
277.357
276.487
275.524
274.754
274.177
273.504
273.025
272.545
272.257
272.066
271.874
271.779
271.587
271.300
271.013
270.918
270.631
270.249
269.963
269.677
269.295
269.009
268.819
268.628
268.342
267.867
267.487
267.107
266.822
266.442
266.158
265.968
265.779
265.589
265.305
265.116
264.831
264.642
264.548
264.453
264.453
264.453
264.642
264.926
265.400
266.158
266.822
267.582
268.819
269.963
270.918
271.970
273.121
274.465
275.910
277.647
279.583
281.818
284.353
287.389
291.032
294.994
299.379
304.296
309.554
314.852
320.499
326.397
332.133
337.702
342.674
347.358
351.747
355.404
358.430
361.140
363.313
364.402
365.057
364.948
364.402
363.640
362.226
360.922
359.729
358.429
357.887
358.212
358.862
360.488
363.096
365.930
369.433
373.279
377.142
381.245
384.808
387.825
390.853
393.778
396.147
398.183
399.882
401.585
403.404
404.543
405.798
407.282
408.312
408.998
409.571
410.144
410.717
411.176
411.405
412.095
413.014
414.049
415.201
416.238
417.508
418.895
420.516
422.254
423.996
426.091
427.839
429.358
430.877
431.814
432.634
433.455
434.042
434.746
434.981
434.863
434.746
434.864
434.864
434.159
433.221
431.931
430.527
429.007
427.257
425.509
423.764
421.559
419.358
417.277
414.970
412.210
409.343
406.255
402.608
399.316
396.260
393.553
391.078
388.497
386.148
384.473
383.024
381.688
380.799
379.800
378.913
378.137
377.252
376.478
376.036
375.814
375.704
375.593
375.262
375.152
375.042
374.270
373.498
372.507
371.188
370.090
369.103
368.226
367.679
367.679
368.117
368.774
369.870
371.518
373.058
374.601
376.367
377.916
379.579
381.355
383.135
385.031
387.042
389.170
391.078
392.877
394.679
396.599
398.182
399.428
400.676
402.039
403.177
403.860
404.429
404.885
405.227
405.570
405.912
405.570
404.771
403.974
402.835
401.585
400.223
398.748
397.164
395.582
394.116
392.426
390.740
389.281
387.713
386.259
385.030
383.581
382.245
381.244
380.022
378.802
378.026
377.473
376.588
375.373
374.270
372.728
370.968
369.213
367.133
365.166
363.096
360.814
358.754
356.699
354.327
351.532
348.853
346.397
344.160
341.930
339.601
337.068
334.648
332.655
329.936
326.707
323.286
319.159
314.239
309.148
304.800
301.081
298.478
297.181
297.281
299.278
302.888
307.629
312.809
318.029
322.872
326.707
329.101
330.562
331.085
330.980
330.771
330.144
329.518
329.518
329.935
330.667
331.922
333.179
334.333
335.384
336.647
338.439
339.707
340.235
341.188
342.248
342.885
343.309
343.947
344.692
344.904
345.011
345.330
345.757
345.970
345.650
345.224
344.798
344.054
343.203
342.354
341.294
339.918
338.755
337.595
336.225
334.753
333.179
331.712
330.249
329.101
327.851
326.602
325.875
325.356
325.045
325.356
326.291
327.538
328.997
330.772
332.760
334.859
336.963
338.967
340.977
342.673
344.373
346.290
347.997
349.709
351.424
353.251
355.297
357.131
358.970
361.031
362.769
364.512
366.477
368.227
370.310
372.397
374.490
376.810
379.135
381.467
383.469
385.700
388.049
390.291
393.102
395.809
398.523
401.471
403.974
406.483
408.999
411.292
413.359
415.316
417.162
418.779
420.284
421.790
423.532
425.276
426.906
428.306
429.591
430.760
431.931
433.338
434.864
436.392
438.040
440.046
442.173
444.423
446.796
449.055
451.319
453.708
456.461
459.460
461.986
463.794
465.847
468.146
469.963
471.784
473.364
474.581
475.921
477.263
477.872
478.606
479.951
480.930
481.297
482.032
482.890
482.890
483.135
483.381
483.381
483.626
483.626
483.626
483.381
482.890
482.644
482.644
482.522
481.909
481.542
481.297
480.930
480.807
479.951
479.095
478.606
478.361
478.361
477.629
477.141
477.019
476.653
475.921
475.311
475.189
475.068
474.702
474.094
473.242
472.391
471.541
470.206
469.114
468.387
467.661
467.056
465.968
464.760
463.553
462.348
461.505
460.422
459.700
459.220
458.499
458.499
458.259
457.419
457.059
457.539
458.139
458.259
458.259
458.619
458.979
459.220
459.220
458.859
459.220
459.941
460.061
460.301
460.782
461.023
460.903
461.023
460.903
460.542
460.782
460.542
460.542
460.782
461.023
461.264
461.384
461.264
460.662
460.903
461.264
461.264
461.505
461.384
461.264
461.625
461.866
461.986
462.468
463.070
463.311
463.191
462.589
461.505
460.181
458.499
456.341
454.305
452.274
450.246
448.460
446.321
444.185
442.055
439.692
437.216
434.747
432.401
429.826
427.024
424.462
422.023
419.242
416.354
413.705
411.177
408.884
406.940
405.455
404.543
404.087
403.974
404.087
404.315
404.429
404.429
403.746
402.608
401.244
399.768
398.183
396.260
394.679
392.877
391.414
390.179
388.497
387.042
385.589
384.250
382.690
380.910
379.467
377.806
375.815
374.159
372.618
370.968
369.322
368.007
366.914
365.603
364.512
363.422
362.334
361.465
360.922
360.054
359.295
358.862
358.104
357.563
356.915
356.159
355.296
354.650
354.003
352.928
352.068
351.102
350.137
349.281
348.211
347.463
346.823
345.970
345.118
344.585
344.266
343.735
343.203
342.778
342.566
342.460
342.248
342.673
343.841
345.118
346.824
349.281
352.284
355.836
359.729
363.641
367.461
371.519
375.595
379.135
382.134
385.255
388.385
390.966
393.215
395.583
398.070
400.450
402.950
404.999
407.055
409.342
411.406
413.359
415.201
417.046
418.779
420.863
423.184
425.393
427.957
430.644
433.338
436.745
439.691
442.528
445.727
448.460
451.200
453.947
456.580
458.740
460.904
463.192
465.243
467.056
468.630
470.206
471.541
472.391
473.607
475.312
476.653
478.118
479.706
481.052
482.768
484.117
485.468
487.066
488.667
490.394
491.875
493.358
494.720
495.959
497.447
499.062
500.429
501.923
503.543
504.916
506.290
507.290
508.291
509.418
510.170
511.048
511.926
512.931
513.811
514.565
514.942
515.194
515.950
516.328
516.454
516.454
516.454
516.580
516.454
516.202
516.076
515.698
515.320
515.194
514.565
514.188
513.811
513.056
512.428
511.926
511.926
511.675
510.922
510.170
509.543
509.042
508.416
507.415
506.040
504.416
502.671
501.300
499.808
497.820
495.835
493.606
491.011
487.683
484.854
482.645
479.829
477.141
474.703
472.513
470.449
468.025
466.209
464.760
463.432
462.107
460.422
458.860
457.419
456.101
454.544
452.273
449.769
447.390
444.541
441.227
437.334
433.339
429.942
427.024
424.927
423.184
421.674
420.747
419.589
417.970
416.239
414.740
413.244
411.865
410.717
410.144
410.029
410.029
410.144
410.488
411.176
411.980
412.899
413.934
415.201
416.354
417.623
418.895
419.820
420.283
420.747
421.674
422.370
422.834
423.531
424.229
424.694
424.694
424.694
424.926
424.810
424.810
424.810
424.578
424.578
424.229
423.648
423.183
422.138
421.210
420.399
419.011
417.392
415.777
414.165
412.669
411.176
409.686
408.312
406.826
404.886
403.290
402.153
400.790
399.315
397.843
396.373
395.130
393.890
392.314
390.516
388.721
386.483
383.693
381.133
378.359
374.933
371.298
367.899
364.730
361.574
358.321
355.189
352.176
349.067
346.077
342.992
339.813
336.752
333.704
330.354
327.331
325.045
322.458
320.085
318.130
316.386
314.952
313.522
312.196
310.975
309.756
308.640
307.728
306.716
305.505
304.396
303.389
302.585
301.882
301.079
300.278
299.377
298.578
297.979
297.281
296.285
295.389
294.694
293.900
293.207
292.514
291.821
291.327
290.834
290.439
290.241
289.847
289.453
289.354
289.256
288.961
288.666
288.469
287.977
287.584
287.486
287.290
287.094
286.701
286.309
285.819
284.939
283.961
283.083
282.303
281.428
280.456
279.582
278.711
277.743
277.260
277.260
277.163
277.453
278.227
279.195
280.456
282.110
283.864
285.722
287.782
289.750
291.822
294.000
295.887
297.780
299.878
302.083
304.698
307.425
310.366
313.318
316.284
319.570
322.872
326.188
329.623
333.180
336.436
339.496
342.355
344.905
346.930
348.318
349.602
350.566
351.209
351.960
353.035
353.895
354.542
355.404
356.267
356.807
357.239
357.996
358.645
359.187
359.728
360.162
360.705
361.139
361.573
362.552
363.531
364.512
365.493
367.024
368.884
370.200
371.518
373.058
374.711
376.367
378.249
380.022
381.800
383.916
385.589
387.042
388.273
389.281
390.291
390.965
391.864
392.876
394.003
395.243
396.373
397.503
398.862
400.109
401.244
402.380
403.063
403.404
404.316
405.455
406.483
407.968
409.686
411.291
412.669
413.589
414.049
414.279
414.164
413.589
412.439
410.947
409.228
407.740
406.483
405.684
406.026
406.825
407.625
408.769
410.029
411.176
412.209
412.899
413.474
413.818
413.934
414.049
413.819
413.704
413.589
413.359
412.784
412.095
411.865
411.406
410.717
409.915
409.227
408.426
407.740
407.168
406.140
405.113
403.974
402.835
401.925
401.017
399.995
399.088
398.522
397.617
396.712
395.808
395.018
394.679
394.116
393.439
392.989
392.314
391.751
391.751
391.751
392.201
392.989
393.665
394.679
396.260
397.503
398.748
400.336
401.017
401.130
401.471
401.244
401.017
401.017
400.222
399.315
398.635
397.956
397.503
397.277
396.825
396.486
396.373
396.147
396.034
396.034
395.695
395.243
395.243
395.130
395.130
395.243
395.130
395.130
395.130
395.130
395.130
395.018
394.792
394.454
394.003
393.552
392.764
391.527
390.291
389.057
387.713
386.036
383.916
382.022
379.912
377.584
375.043
372.508
370.420
368.227
366.258
364.512
362.987
361.465
360.054
358.862
357.672
356.699
356.051
355.512
355.296
355.404
355.619
356.051
356.375
356.807
357.239
357.563
358.104
358.537
358.754
358.754
358.754
358.754
358.320
357.671
357.131
356.699
356.051
354.973
354.111
353.465
352.390
351.102
349.709
348.211
346.610
345.011
343.416
341.930
340.236
338.017
336.225
334.334
332.236
330.458
328.684
326.603
324.320
322.148
319.776
317.309
314.748
312.095
309.249
306.514
303.893
301.281
299.078
297.182
295.490
294.000
292.712
291.525
290.439
289.453
288.764
288.371
287.781
287.290
287.192
287.388
287.781
288.174
288.863
289.650
290.537
291.822
293.207
294.794
296.484
298.279
300.379
302.183
303.893
305.808
307.526
309.248
310.873
312.400
313.726
314.645
315.771
317.001
318.233
319.569
320.909
322.354
323.595
324.319
325.045
325.979
327.122
328.476
329.622
330.876
332.341
334.018
335.699
337.384
338.967
340.130
341.294
342.248
342.778
343.203
343.522
343.309
342.991
342.884
342.354
341.718
341.294
340.764
340.447
340.341
340.235
340.130
340.341
340.976
341.718
342.673
343.735
344.905
346.183
347.463
348.746
350.352
352.068
353.789
355.512
357.131
358.645
360.054
361.682
362.987
364.294
365.712
366.914
368.117
369.432
370.419
371.078
372.067
372.947
373.608
374.159
374.380
374.821
375.483
375.814
375.925
375.704
375.152
374.159
373.058
372.067
370.968
369.542
367.898
366.476
364.948
363.422
362.334
361.465
360.488
359.728
359.079
358.320
357.779
357.455
357.455
357.347
357.239
357.239
357.239
357.023
356.375
355.727
354.973
353.681
352.068
350.566
349.067
347.677
346.290
344.799
343.416
342.248
341.294
340.341
339.389
338.861
338.438
337.806
336.752
335.278
333.388
330.772
327.540
324.010
320.291
316.591
313.013
309.655
306.818
304.899
303.892
303.389
303.489
303.992
304.597
305.404
306.211
306.817
307.121
307.323
307.626
307.525
307.525
307.626
307.121
306.716
306.514
306.009
305.403
304.899
304.496
304.093
303.791
303.489
303.188
302.886
302.484
302.082
301.581
301.079
300.779
300.578
300.378
300.278
300.278
300.178
299.977
299.777
299.577
299.377
299.177
298.878
298.278
297.679
296.982
295.986
295.092
294.198
293.009
291.821
290.636
289.256
288.076
287.094
286.015
284.939
283.864
282.693
281.428
279.874
277.937
275.621
273.121
270.536
267.773
264.833
261.907
259.184
256.661
254.334
252.202
250.171
248.422
246.954
245.673
244.669
243.757
242.938
242.302
241.849
241.486
241.123
240.942
240.670
240.398
240.218
239.856
239.585
239.224
238.862
238.592
237.962
237.331
236.882
236.343
235.626
234.998
234.372
233.568
232.765
231.964
231.252
230.365
229.301
228.329
227.446
226.565
225.510
224.458
223.670
222.970
222.097
221.313
220.791
220.183
219.402
218.623
217.844
216.895
215.861
214.659
213.459
212.177
210.814
209.540
208.184
206.918
205.739
204.647
203.558
202.555
201.721
200.806
199.975
199.395
198.898
198.402
198.154
197.989
197.906
198.071
198.071
198.154
198.402
198.484
198.567
198.815
199.063
199.312
199.726
200.141
200.473
200.888
201.221
201.388
201.554
201.721
202.054
202.471
202.889
203.307
203.892
204.731
205.739
206.918
208.269
209.794
211.325
212.775
214.059
215.518
217.154
218.623
220.096
221.575
223.058
224.546
226.126
227.800
229.568
231.787
234.373
237.333
240.400
243.303
245.765
248.239
250.631
252.387
253.870
254.984
255.728
256.194
256.660
256.939
257.220
257.967
259.090
260.779
263.227
266.443
270.155
274.082
278.228
282.207
285.820
289.356
292.415
295.191
297.581
299.478
301.180
302.685
303.892
305.000
306.009
306.919
307.727
308.640
309.755
310.670
311.585
312.196
312.706
313.317
313.930
314.543
314.850
314.850
314.952
315.054
314.952
314.850
314.543
313.930
313.521
313.012
312.094
311.280
310.466
309.248
307.931
306.919
305.808
304.396
303.188
301.882
300.278
298.578
296.783
294.993
293.009
291.031
289.453
287.782
286.016
284.645
283.376
282.109
281.136
280.359
279.486
278.711
278.033
277.550
276.874
276.294
275.909
275.331
274.946
274.465
274.176
273.888
273.408
272.929
272.353
271.874
271.492
271.013
270.440
269.963
269.772
269.772
269.772
269.677
269.772
269.867
269.772
269.581
269.581
269.581
269.391
269.391
269.295
269.105
268.819
268.532
268.152
267.297
266.253
264.927
263.226
261.437
259.652
257.967
256.194
254.612
253.221
252.017
251.000
250.078
249.341
248.422
247.596
246.771
245.947
245.308
244.486
243.666
242.938
242.211
241.395
240.489
239.676
238.773
237.782
236.703
235.447
234.283
233.122
232.053
230.986
229.833
228.771
227.446
226.126
225.159
224.107
222.970
221.923
220.965
220.096
219.142
218.363
217.844
217.326
216.809
216.378
216.033
215.689
215.517
215.345
215.002
214.658
214.229
213.630
212.945
212.177
211.154
210.049
208.777
207.340
205.991
204.563
203.056
201.471
199.975
198.568
197.164
195.848
194.454
193.064
191.843
190.787
189.815
188.926
188.200
187.556
186.913
186.351
185.950
185.550
185.150
184.750
184.351
184.032
183.714
183.475
183.316
183.077
182.838
182.679
182.521
182.441
182.362
182.203
182.203
182.283
182.362
182.600
182.918
183.316
183.952
184.750
185.710
186.913
188.200
189.653
191.112
192.576
194.045
195.355
196.341
197.081
197.823
198.236
198.402
198.484
198.319
198.236
198.154
197.658
197.163
196.834
196.423
196.012
195.519
194.945
194.535
194.290
194.126
193.880
193.799
193.717
193.391
193.228
193.146
192.983
192.656
192.249
191.843
191.355
190.706
190.058
189.572
189.006
188.522
188.119
187.716
187.636
187.716
187.877
188.280
188.764
189.248
189.896
190.462
190.949
191.599
192.168
192.575
193.064
193.554
193.962
194.453
194.699
194.699
194.699
194.699
194.699
194.781
194.945
195.027
195.109
195.437
195.765
196.176
196.752
197.494
198.319
199.063
199.975
200.805
201.554
202.471
203.558
204.731
206.076
207.762
209.964
212.690
215.862
219.490
223.409
227.183
230.721
233.748
236.344
238.593
240.490
242.394
244.214
245.857
247.505
249.434
251.371
253.221
255.078
256.847
258.341
259.558
260.496
261.342
262.283
262.848
263.320
263.792
264.170
264.642
265.305
265.968
266.632
267.297
267.772
268.438
269.105
269.581
269.963
270.153
270.440
270.727
270.918
271.205
271.396
271.396
271.492
271.683
272.066
272.737
273.312
273.984
274.850
275.813
276.777
277.743
278.517
278.808
278.904
278.517
277.357
276.102
274.754
272.833
270.918
268.914
266.917
265.305
264.170
263.415
262.377
261.813
261.436
261.060
261.060
260.872
260.872
261.436
262.001
262.755
263.698
264.453
265.400
266.442
267.297
268.057
268.628
269.581
270.535
271.109
271.779
272.257
272.737
273.121
273.312
273.792
274.272
274.369
274.754
275.620
276.681
278.131
279.874
281.915
283.864
285.428
287.192
289.158
291.031
292.910
294.496
295.788
297.481
299.378
301.381
303.591
305.808
308.235
310.975
314.135
317.411
320.600
323.699
326.292
328.268
329.936
331.399
332.760
333.913
334.858
335.489
335.804
336.120
336.330
336.120
336.015
335.699
334.858
334.123
333.179
332.236
331.294
330.249
329.414
328.372
327.018
325.875
324.942
324.112
323.181
322.457
321.734
321.012
320.702
320.393
320.702
321.527
322.457
323.802
325.045
326.083
327.539
329.101
330.249
331.189
332.131
333.074
333.703
334.648
335.384
335.594
336.225
336.646
336.751
336.541
335.174
332.865
329.520
325.669
321.941
318.746
316.693
315.770
316.386
318.028
320.085
322.768
325.564
327.955
330.563
332.865
334.754
336.647
338.334
339.812
340.976
342.036
342.778
342.991
343.097
342.779
342.460
342.354
342.036
342.248
342.885
343.841
344.585
344.904
344.904
343.841
342.354
340.765
338.545
336.331
334.124
331.922
329.936
328.371
327.226
325.979
325.253
325.149
325.253
325.668
326.291
327.018
327.850
328.892
330.145
331.085
331.712
332.340
332.969
333.388
333.388
333.074
332.445
331.503
330.771
330.353
330.248
330.457
331.294
332.865
334.543
336.752
339.602
342.567
345.758
349.174
352.606
356.052
359.621
363.314
366.805
370.310
373.719
376.699
379.690
382.913
386.036
388.610
391.190
394.003
396.938
399.542
401.926
404.316
406.369
408.312
410.029
411.865
413.474
414.510
415.086
415.316
415.431
415.086
414.394
413.589
412.784
412.324
411.635
410.603
409.685
409.456
408.999
408.426
408.312
407.968
408.083
408.884
409.915
410.832
412.325
414.395
416.239
418.086
420.168
422.255
424.229
425.741
427.140
428.657
430.293
431.814
433.221
434.864
436.274
437.216
437.805
438.394
438.394
438.158
437.922
437.216
436.627
435.922
435.098
434.159
433.338
432.400
431.580
431.346
430.995
430.409
429.591
429.124
428.773
428.423
428.306
428.189
427.956
427.489
427.256
426.790
426.324
425.625
424.229
422.951
421.327
419.358
417.392
415.431
413.474
411.406
409.571
407.968
406.140
404.316
402.949
401.585
399.656
397.617
396.147
394.567
392.539
390.853
389.394
387.937
386.148
384.584
383.247
381.689
380.134
378.691
377.916
377.252
376.367
375.814
375.704
375.925
376.699
377.584
378.359
379.467
381.022
382.356
383.469
385.031
386.930
388.721
390.404
391.976
393.553
394.905
396.034
397.390
398.522
399.315
399.655
399.995
400.562
401.471
402.608
403.632
404.771
406.369
408.197
409.686
411.176
412.669
414.740
416.815
418.317
420.168
421.906
423.299
424.694
425.858
426.324
426.790
427.606
428.189
428.423
428.657
429.124
429.708
430.409
431.580
432.751
433.572
435.099
436.863
438.394
439.927
441.818
443.830
445.489
446.795
448.222
449.888
451.080
451.915
452.512
452.990
453.348
453.109
452.393
451.080
449.412
447.865
446.202
444.422
442.291
440.163
438.158
436.039
434.629
433.104
431.463
430.293
429.124
428.306
427.256
426.091
425.043
424.113
423.067
422.022
421.210
420.168
419.589
419.242
419.010
419.473
420.399
421.210
422.371
423.880
424.810
425.741
426.440
426.673
426.790
427.023
427.139
427.139
426.790
426.207
425.741
424.926
423.648
422.022
420.284
418.317
415.893
413.130
409.915
406.369
403.177
400.450
397.391
394.116
391.415
388.946
386.371
383.804
381.244
378.359
375.705
373.499
370.859
368.117
365.712
363.205
360.814
358.321
355.728
353.681
351.532
349.174
347.357
345.757
344.160
342.885
341.718
340.447
339.073
337.806
336.226
334.438
332.969
331.399
329.936
328.580
327.018
325.460
324.113
322.871
321.837
320.909
320.290
320.187
320.187
320.702
321.837
323.492
325.772
328.164
330.877
334.228
337.384
340.553
344.055
347.144
349.710
352.499
355.189
357.456
359.403
361.139
362.769
364.076
365.493
366.695
367.570
368.445
369.102
369.651
370.309
370.529
370.968
371.957
372.617
373.057
373.718
374.270
374.601
375.484
376.257
376.257
376.699
377.362
377.694
377.694
377.916
378.581
379.024
379.356
379.356
379.135
378.913
379.024
378.913
378.470
377.805
376.920
376.146
375.373
374.601
373.498
372.177
370.968
369.870
368.774
367.789
366.913
366.148
365.275
364.511
363.967
363.313
362.552
362.116
361.791
361.248
360.813
360.596
360.705
360.705
360.596
360.705
361.139
361.791
362.225
362.442
362.660
362.878
363.205
363.313
363.313
363.313
363.096
362.878
362.769
362.769
362.334
361.573
361.030
360.162
359.187
358.429
357.239
355.943
354.973
354.003
353.250
352.713
352.068
351.317
350.459
349.495
348.425
347.250
345.970
344.692
343.310
341.930
340.659
339.601
338.650
337.700
336.857
336.015
334.963
333.913
332.969
331.817
330.667
329.310
327.747
326.084
324.527
323.181
321.837
320.599
319.466
318.335
317.411
316.795
316.283
315.770
315.463
315.361
315.157
314.850
314.441
314.032
313.419
312.502
311.687
310.975
310.263
309.552
308.741
308.234
307.728
307.121
306.514
305.706
304.899
304.295
303.892
303.690
303.489
303.389
303.690
304.194
304.899
305.706
306.514
307.222
307.829
308.538
309.552
310.263
310.568
311.178
311.890
312.604
313.317
314.032
314.441
314.748
315.361
315.668
315.770
315.975
316.078
316.283
316.795
317.308
317.821
318.541
319.363
320.084
320.702
321.115
321.424
321.940
322.353
322.560
322.664
322.767
322.767
322.457
322.043
321.321
320.393
319.260
317.822
316.488
315.157
313.522
311.484
309.350
307.223
305.102
303.088
301.080
298.978
296.883
294.893
293.009
291.130
289.060
287.290
285.526
283.669
281.818
279.777
277.937
275.910
273.601
271.396
269.295
267.297
265.400
263.509
261.718
260.121
258.435
256.847
255.264
253.777
252.664
251.647
250.908
250.355
249.986
249.986
250.170
250.724
251.369
252.017
252.850
253.591
254.148
254.241
254.426
254.612
254.519
254.426
254.241
253.869
253.405
253.127
252.757
252.109
251.554
251.000
250.447
249.986
249.617
249.341
249.157
249.249
249.433
249.802
250.355
251.185
252.202
253.128
254.148
255.356
256.287
257.033
257.687
258.061
258.341
258.528
258.715
258.622
258.341
258.154
257.874
257.593
257.406
257.313
257.126
256.846
256.846
256.939
256.939
256.939
257.313
257.874
258.341
259.184
260.121
261.060
262.095
263.132
264.359
265.589
266.442
267.202
268.057
268.819
269.581
270.536
271.683
272.641
273.600
274.465
275.331
276.391
277.357
278.130
278.808
279.486
279.970
280.553
281.039
281.525
282.303
283.376
284.939
286.603
288.273
290.045
291.822
293.703
295.689
297.281
298.678
300.078
301.481
303.087
304.496
305.707
307.020
308.234
309.349
310.060
310.466
310.975
311.178
311.178
311.178
310.771
310.161
309.552
309.045
308.741
308.133
307.323
306.514
305.505
304.094
302.484
300.879
299.178
297.381
295.390
293.504
291.723
289.848
288.076
286.212
284.157
282.110
280.068
277.841
275.524
273.217
270.823
268.344
265.779
263.226
260.779
258.342
255.729
253.221
251.093
249.066
247.138
245.217
243.575
242.121
240.671
239.495
238.592
238.142
237.692
237.331
237.331
237.512
237.602
237.782
238.322
238.863
239.224
239.585
240.127
240.670
241.214
241.486
241.758
242.211
242.665
243.029
243.302
243.575
243.666
243.848
243.848
243.666
243.393
242.847
242.484
242.211
241.758
241.304
240.851
240.489
240.398
240.218
239.947
239.856
239.585
239.314
239.224
239.314
239.766
240.671
242.030
243.667
245.765
248.056
250.355
252.387
253.870
254.798
255.169
255.355
255.355
255.076
254.798
254.798
254.891
255.076
255.728
256.753
258.061
259.465
260.967
262.283
262.942
263.131
262.942
262.471
261.813
260.872
259.746
258.528
257.313
256.194
254.984
253.962
253.128
252.202
251.277
250.447
249.526
248.514
247.321
246.039
245.034
243.940
242.666
241.486
240.399
239.585
238.863
238.052
237.242
236.343
235.268
234.194
232.944
231.431
230.010
228.506
227.094
225.598
224.107
222.883
221.575
220.357
219.316
218.277
217.498
216.981
216.550
216.291
216.205
216.205
216.291
216.378
216.636
217.153
217.671
218.363
219.055
219.662
220.270
220.791
221.487
222.097
222.359
222.359
222.185
221.836
221.139
220.096
218.796
217.327
215.776
214.230
212.519
210.899
209.540
208.184
207.086
206.328
205.822
205.738
205.991
206.412
207.171
208.184
209.370
210.559
211.836
213.459
215.260
217.068
219.056
221.488
224.020
226.302
228.683
231.342
234.016
236.703
239.135
241.396
243.667
245.765
247.780
249.618
251.185
252.757
254.241
255.356
256.380
257.313
258.154
258.996
259.652
260.215
260.590
261.060
261.624
262.001
262.566
263.131
263.415
263.603
263.792
264.075
264.359
264.548
264.642
264.737
264.831
265.116
265.494
265.684
265.779
266.063
266.537
266.822
267.107
267.392
267.867
268.247
268.437
268.819
269.391
270.154
270.822
271.396
271.874
272.545
273.504
274.273
275.139
276.392
277.453
278.517
279.874
281.233
282.596
283.864
284.841
285.820
286.799
287.486
287.780
288.174
288.666
288.764
288.961
289.059
288.764
288.272
287.584
286.898
286.211
285.330
284.254
283.181
282.206
281.233
280.456
279.777
279.098
278.323
277.357
276.391
275.427
274.369
273.312
272.162
271.013
269.963
268.819
267.772
266.727
265.400
264.075
262.661
261.061
259.372
257.687
256.008
254.334
252.757
251.185
249.618
247.872
246.314
245.034
243.667
242.484
241.576
240.580
239.766
239.224
238.862
238.592
238.322
238.322
238.502
238.412
238.322
238.412
238.412
238.502
238.772
238.953
239.133
239.495
239.766
240.127
240.579
241.214
241.939
242.575
243.120
243.666
244.121
244.212
244.304
244.304
244.121
244.030
244.121
244.121
244.121
244.486
244.669
244.577
244.486
244.395
244.213
243.666
243.393
243.302
242.938
242.574
242.211
242.211
242.393
242.847
243.940
245.674
247.872
250.263
253.035
255.915
258.810
261.719
264.360
266.443
268.153
269.868
271.205
272.066
272.833
273.408
273.984
274.561
274.850
274.946
274.946
275.042
275.139
275.235
275.235
275.427
275.812
276.488
277.840
279.874
282.304
285.037
288.372
291.822
295.192
298.080
300.479
302.786
304.698
306.211
307.526
308.640
309.552
310.365
310.771
311.076
311.483
311.483
311.585
311.686
311.686
311.585
311.585
311.585
311.483
311.585
311.483
311.381
311.178
310.975
310.975
310.975
310.873
310.873
310.771
310.568
310.466
310.263
309.958
309.451
308.842
308.335
308.031
307.727
307.121
306.615
306.312
305.807
305.303
304.597
303.992
303.489
302.685
301.481
300.078
298.578
296.783
294.496
291.526
288.273
284.744
280.943
276.972
272.834
268.725
264.738
261.249
258.155
255.264
252.850
250.724
248.974
247.779
246.679
245.764
245.217
244.760
244.213
243.666
243.211
242.665
242.030
241.214
240.399
239.585
238.863
238.052
237.331
236.613
235.715
235.177
234.730
234.194
233.657
233.211
232.943
232.765
232.676
232.765
233.033
233.568
234.462
235.536
236.703
238.142
239.495
240.852
242.303
243.575
244.851
246.131
247.413
248.790
250.263
251.555
252.850
254.334
255.822
257.314
258.903
260.497
261.907
263.226
264.454
265.684
267.012
268.343
269.964
272.163
275.043
278.615
282.500
286.703
290.934
294.994
298.979
302.686
306.212
309.451
312.401
314.952
317.001
318.746
320.703
322.664
324.113
324.942
325.564
326.291
326.914
327.434
327.850
328.058
328.371
328.475
328.163
328.163
328.475
328.371
327.954
327.642
327.434
326.603
325.564
324.838
323.595
322.457
321.321
319.981
318.643
317.308
315.874
314.441
313.216
311.789
310.365
308.741
307.222
306.009
304.396
302.987
301.281
299.378
298.178
297.181
296.185
295.191
294.794
294.992
295.489
296.185
297.381
298.977
300.779
302.786
304.900
307.526
310.264
312.910
315.669
318.747
321.941
324.735
327.019
329.310
331.503
333.179
334.438
335.699
336.751
337.489
338.228
338.755
338.755
338.755
338.650
338.122
337.489
336.541
335.594
334.333
332.864
331.503
329.936
328.372
326.914
325.253
323.698
322.251
320.806
319.261
317.616
316.078
314.339
312.502
310.670
308.640
306.515
304.396
302.183
299.778
297.381
294.794
292.020
289.552
286.800
283.865
281.040
278.227
275.814
273.505
271.587
270.154
269.009
268.532
268.628
269.009
269.105
269.200
269.295
268.914
268.247
267.582
266.727
265.684
264.643
263.698
262.849
262.189
261.907
261.813
262.095
262.565
262.942
263.131
263.131
263.037
262.848
262.189
261.530
261.154
260.590
260.215
259.840
259.371
258.996
258.435
257.687
257.033
256.008
254.612
253.313
251.925
250.263
248.423
246.680
244.852
242.848
240.762
238.774
236.883
234.820
232.766
230.897
228.948
227.006
225.247
223.670
222.185
220.618
219.143
217.758
216.464
215.174
213.802
212.604
211.495
210.304
209.200
208.100
207.086
206.159
205.234
204.228
203.139
202.055
201.138
200.390
199.560
198.650
197.659
196.834
196.094
195.273
194.372
193.472
192.738
192.005
191.111
190.300
189.491
188.683
187.878
186.993
186.191
185.470
184.830
184.351
183.873
183.475
183.236
182.918
182.679
182.521
182.362
182.124
181.807
181.569
181.411
181.331
181.252
181.015
180.936
181.173
181.569
182.124
182.918
184.033
185.550
187.154
188.926
190.869
192.576
194.373
196.259
198.072
200.141
202.389
204.564
206.918
209.455
211.751
213.802
215.690
217.327
218.623
219.662
220.357
220.704
220.791
220.530
220.183
219.662
219.055
218.536
217.844
217.153
216.722
216.205
215.775
215.689
215.775
216.033
216.636
217.585
218.796
220.183
221.662
223.233
224.809
226.214
227.270
228.152
228.771
229.036
229.036
228.682
228.240
227.887
227.358
226.741
226.213
225.598
225.335
225.598
226.390
227.888
230.100
232.588
234.999
237.422
239.586
241.577
243.576
245.491
247.413
249.342
251.371
253.777
256.101
258.435
260.591
262.378
264.170
265.779
267.107
268.343
270.154
272.738
275.910
279.390
283.085
287.292
291.625
295.490
299.079
302.686
306.010
308.944
311.688
314.135
316.181
318.336
320.394
322.044
323.388
324.527
325.668
326.498
327.226
327.642
327.850
328.058
327.746
327.018
326.083
324.942
323.698
322.457
321.012
319.261
317.309
315.464
313.625
311.484
309.249
307.121
304.900
302.585
300.679
299.078
297.282
295.688
294.298
293.207
292.613
292.217
292.019
292.019
292.316
292.910
293.504
294.198
294.992
295.588
295.886
296.185
296.384
296.484
296.384
295.787
295.290
294.496
293.504
292.514
291.327
290.636
289.946
288.961
288.272
287.584
286.898
286.407
285.721
284.547
283.278
281.915
280.359
278.904
277.647
276.488
275.331
274.465
273.888
273.216
272.833
272.545
272.161
272.161
272.257
272.449
272.545
272.545
272.737
272.833
272.929
273.121
273.121
272.929
272.545
271.970
271.492
270.822
269.867
268.914
267.867
266.917
266.063
265.494
265.494
265.968
266.442
266.822
267.392
267.392
266.727
265.873
264.549
262.472
260.122
257.594
255.264
253.221
251.186
249.342
247.505
245.765
244.304
242.848
241.214
239.495
237.692
235.895
234.015
232.053
230.188
228.418
226.566
224.721
222.796
220.705
218.710
216.551
214.230
211.922
209.540
207.256
204.899
202.639
200.723
198.982
197.330
195.684
194.290
193.064
191.924
191.030
190.058
189.087
188.200
187.234
186.271
185.310
184.431
183.634
182.918
182.362
181.886
181.728
181.807
181.886
182.124
182.680
183.236
183.714
184.191
184.590
185.070
185.390
185.550
185.630
185.550
185.310
184.750
184.191
183.634
182.918
182.203
181.411
180.699
179.989
179.358
178.572
177.709
177.083
176.457
175.833
175.055
174.355
173.734
172.960
172.188
171.263
170.341
169.421
168.427
167.512
166.600
165.615
164.707
163.878
163.050
162.300
161.551
160.879
160.283
159.539
158.722
157.982
157.391
156.874
156.359
155.918
155.477
155.110
154.818
154.598
154.379
154.233
154.159
154.086
154.086
154.086
154.013
154.013
154.086
154.159
154.233
154.233
154.306
154.379
154.379
154.379
154.379
154.379
154.379
154.306
154.306
154.525
154.891
155.404
156.065
157.022
158.279
159.688
161.328
163.126
164.934
166.904
168.886
170.879
173.193
175.523
177.710
179.911
182.204
184.672
187.154
189.411
191.681
194.045
196.259
198.237
200.058
201.721
203.056
204.228
205.318
206.243
207.171
208.100
208.861
209.539
210.303
210.983
211.495
212.177
212.945
213.715
214.315
214.830
215.431
216.033
216.464
216.895
217.326
217.671
217.930
218.017
218.017
217.844
217.844
217.930
217.844
217.671
217.671
217.671
217.412
217.153
216.981
216.550
215.861
215.174
214.230
213.202
212.262
211.324
210.304
209.369
208.607
207.761
207.086
206.580
206.243
206.075
205.991
205.906
205.906
205.991
206.328
206.917
207.677
208.522
209.285
210.559
212.177
213.802
215.604
217.932
220.792
224.021
227.712
231.698
235.537
238.683
241.305
243.667
245.582
247.321
249.066
250.631
252.387
254.334
256.101
257.874
259.652
261.249
262.566
263.792
264.926
265.684
266.442
266.917
267.202
267.487
267.582
267.677
267.772
267.677
267.582
267.867
268.152
268.533
269.391
270.345
271.396
272.545
273.697
274.754
275.524
276.198
276.777
277.260
277.550
277.646
277.550
277.453
277.453
277.453
277.260
277.067
276.970
276.777
276.487
276.294
276.391
276.681
276.970
277.260
277.646
278.227
279.001
279.971
281.136
282.499
283.864
285.134
286.505
287.683
288.666
289.749
290.735
291.426
292.217
292.910
293.405
293.999
294.694
295.191
295.389
295.489
295.389
295.191
294.694
293.999
293.405
292.712
292.019
291.130
289.946
288.469
286.310
283.572
280.166
276.200
272.067
267.679
263.322
259.185
255.078
251.463
248.331
245.674
243.576
241.758
240.309
239.134
238.412
237.872
237.331
236.882
236.343
235.805
235.178
234.462
233.747
233.033
232.409
231.874
231.341
230.720
230.276
230.098
229.921
229.655
229.567
229.655
229.567
229.390
229.213
229.036
228.771
228.505
228.240
227.975
227.711
227.446
227.270
227.094
226.829
226.653
226.653
226.477
226.301
226.125
226.037
225.949
225.774
225.949
226.037
226.037
226.125
226.301
226.389
226.389
226.565
226.565
226.477
226.125
225.686
225.335
224.983
224.983
225.159
225.159
225.335
225.774
226.301
226.917
227.534
228.152
228.947
229.833
230.897
232.231
233.658
235.358
237.153
238.773
240.309
241.849
243.120
244.213
245.034
245.673
246.405
247.046
247.504
247.779
248.238
248.790
249.157
249.710
250.170
250.447
250.816
251.093
251.369
251.739
252.017
252.109
252.387
252.757
253.220
253.869
254.426
255.077
255.821
256.474
257.126
257.874
258.622
259.464
260.402
261.248
262.001
262.754
263.698
264.832
265.873
266.917
268.057
269.009
269.963
270.822
271.492
272.258
273.121
273.792
274.273
274.850
275.235
275.427
275.812
276.487
277.453
278.808
280.456
282.694
285.526
288.667
292.218
295.888
299.478
303.088
306.718
309.959
313.115
316.284
319.055
321.631
324.113
326.395
328.268
329.936
331.189
332.131
333.074
333.388
333.074
332.550
332.026
331.189
329.727
328.163
326.395
324.527
322.767
320.806
318.644
316.591
314.339
311.993
309.553
307.020
304.597
301.983
299.578
297.381
295.192
293.207
291.427
289.749
288.076
286.212
284.841
283.376
281.428
279.583
277.357
274.946
272.642
270.441
268.248
266.158
264.360
262.661
260.967
259.371
257.874
256.380
254.706
253.035
251.740
250.355
248.882
247.779
246.863
246.039
245.217
244.486
244.030
243.848
243.848
244.030
244.395
244.851
245.217
245.308
245.308
245.125
244.577
243.666
242.847
242.393
242.121
242.121
242.484
243.302
244.304
245.217
246.222
247.321
248.330
249.157
249.802
250.262
250.816
251.554
252.202
252.850
253.777
254.705
255.542
256.380
257.126
257.874
258.435
258.902
259.089
258.809
258.248
257.127
255.636
254.148
252.850
251.832
250.816
249.710
248.790
247.963
247.138
246.496
246.221
246.039
245.947
246.221
246.771
247.321
247.871
248.606
249.249
249.617
249.894
250.078
250.262
250.631
250.816
251.000
251.554
252.109
252.664
253.406
254.148
254.705
255.449
256.287
256.940
257.593
257.780
257.874
257.687
256.940
255.822
254.148
252.202
249.987
247.505
245.126
242.757
240.219
237.782
235.179
232.588
230.365
228.153
225.950
224.020
222.360
220.879
219.489
218.104
216.636
215.259
213.887
212.348
210.899
209.201
207.256
205.487
203.726
201.972
200.225
198.320
196.259
194.127
192.169
190.301
188.442
186.832
185.310
184.351
184.191
184.511
185.470
187.074
189.250
191.844
194.783
197.990
201.056
203.726
206.160
208.353
210.219
211.665
212.775
213.801
214.744
215.345
215.689
216.119
216.636
217.153
217.585
218.103
218.796
219.489
220.096
220.791
221.662
222.971
224.897
227.094
229.568
232.589
236.076
239.496
242.940
246.223
248.974
251.278
253.128
254.334
254.891
255.169
255.076
254.612
253.962
253.128
252.109
250.908
249.526
247.872
246.131
244.305
242.485
240.671
238.864
237.063
235.357
233.926
232.498
231.341
230.188
229.036
228.152
227.358
226.741
226.213
225.686
225.159
224.720
224.544
224.632
224.896
225.510
226.742
228.595
231.075
233.926
236.973
240.309
243.576
246.589
249.434
252.110
254.334
256.101
257.593
258.997
260.403
261.436
262.283
263.037
263.415
263.320
262.754
261.531
259.840
257.967
255.915
253.870
251.833
249.987
248.514
247.412
246.771
246.496
246.588
246.954
247.964
249.803
252.110
254.798
257.594
260.403
263.416
266.158
268.534
270.727
272.450
274.178
275.813
277.067
278.421
279.777
280.942
281.817
282.498
283.278
283.961
284.547
285.134
285.525
285.819
286.015
286.015
285.721
285.134
284.157
282.693
281.039
279.389
277.744
276.102
274.562
273.121
271.588
269.963
268.533
267.392
266.158
264.738
263.132
261.624
260.215
258.622
257.220
255.636
254.148
252.942
251.832
251.093
250.724
250.539
250.447
250.816
251.277
251.739
252.294
252.850
253.405
253.869
254.334
254.984
255.728
256.380
257.126
257.780
258.435
259.277
259.933
260.402
260.778
261.154
261.248
260.684
259.652
258.061
255.822
253.221
250.448
247.872
245.948
245.125
245.948
248.148
251.186
254.986
259.185
263.133
265.969
267.772
268.819
268.723
267.962
266.064
263.132
259.841
256.102
252.573
249.343
246.497
244.851
244.669
246.131
249.343
254.150
260.312
267.587
275.625
283.770
291.726
298.880
304.498
308.742
311.586
313.012
313.216
312.400
310.670
308.235
305.606
302.786
299.778
296.883
294.000
290.736
287.193
283.182
278.616
273.698
268.250
262.663
257.036
251.280
245.950
241.125
236.524
232.233
228.330
224.809
221.663
218.710
215.948
213.460
211.240
209.032
206.918
204.899
202.889
201.055
199.230
197.494
195.848
194.291
192.820
191.436
190.381
189.572
188.925
188.361
187.877
187.716
187.877
188.119
188.522
189.249
190.058
190.949
191.924
193.064
194.290
195.355
196.258
197.164
198.236
199.229
199.975
200.473
200.805
201.221
201.638
201.804
201.804
201.971
202.137
202.054
201.804
201.804
201.887
201.804
201.804
201.971
202.304
202.805
203.390
203.892
204.563
205.234
205.991
206.749
207.255
207.677
207.761
207.930
208.100
208.015
208.100
208.100
207.930
207.761
207.677
207.592
207.508
207.255
207.002
207.002
207.002
206.917
206.665
206.328
206.159
206.159
206.496
206.917
207.593
208.607
209.879
211.665
213.630
215.948
218.537
221.140
223.670
226.214
228.595
230.898
232.855
234.552
236.434
237.962
239.134
240.309
241.214
241.939
242.665
243.211
243.666
244.030
244.304
244.304
244.304
244.395
244.395
244.213
243.848
243.484
243.211
243.029
242.665
242.393
242.393
242.484
242.665
242.938
243.302
243.757
244.395
245.308
246.313
247.138
247.963
248.882
249.617
249.986
250.078
249.986
249.617
249.066
248.422
247.688
247.046
246.313
245.673
245.217
244.760
244.486
244.213
244.121
244.304
244.669
245.308
245.856
246.588
247.688
248.606
249.341
250.262
251.370
252.202
252.942
253.869
254.705
255.356
256.008
256.753
257.313
257.780
258.528
259.277
259.746
260.215
261.060
261.718
262.095
262.660
263.320
263.792
264.170
264.453
264.453
264.359
263.792
262.849
261.624
260.121
258.248
256.194
254.334
252.387
250.447
248.606
247.046
245.856
244.851
244.304
243.939
243.575
243.211
242.665
241.939
241.123
240.399
239.585
238.773
238.322
238.412
239.043
240.490
242.848
245.948
249.619
253.871
258.343
262.284
265.495
268.058
269.486
269.963
269.963
269.391
268.819
268.152
267.012
265.968
265.021
263.603
262.283
260.967
259.371
257.780
256.287
255.077
253.684
252.202
251.185
250.171
248.882
247.779
246.863
246.039
245.308
244.669
243.849
243.029
242.574
242.302
241.849
241.395
241.032
240.489
239.856
239.224
238.502
237.692
236.882
235.984
234.999
234.015
233.122
231.964
230.720
229.302
227.623
226.126
224.634
223.058
221.401
219.750
218.277
216.722
215.088
213.545
212.092
210.729
209.455
208.353
207.508
206.833
206.328
206.159
206.328
206.665
207.086
207.592
208.184
208.861
209.454
209.964
210.388
210.558
210.473
210.473
210.473
210.303
210.049
209.709
209.369
209.030
208.776
208.607
208.438
208.184
207.930
207.761
207.592
207.170
206.749
206.412
206.159
205.991
205.738
205.402
204.982
204.647
204.395
204.143
203.975
203.892
203.808
203.808
203.808
203.808
203.976
203.976
203.892
203.975
204.143
204.227
204.227
204.143
203.808
203.557
203.390
203.056
202.638
202.221
201.804
201.388
201.055
200.971
200.805
200.722
200.888
201.221
201.638
202.137
202.722
203.223
203.725
204.059
204.227
204.395
204.563
204.563
204.395
204.311
204.060
203.725
203.557
203.390
203.139
202.972
202.889
202.805
202.889
203.056
203.557
204.647
206.244
208.269
210.729
213.717
216.896
220.011
223.059
225.950
228.683
231.342
233.748
235.895
237.872
239.495
241.033
242.575
243.940
245.034
246.039
247.138
248.238
249.157
249.894
250.631
251.093
251.093
251.000
250.816
250.078
249.341
248.790
248.330
248.238
248.422
248.790
249.434
250.262
251.278
252.387
253.220
254.148
254.984
255.355
255.728
256.101
256.287
256.380
256.380
256.287
256.101
256.101
256.380
256.940
258.061
259.559
261.249
263.510
265.969
268.153
270.345
272.354
274.081
275.524
276.294
276.681
277.067
277.067
276.777
276.391
276.005
275.812
275.812
275.716
275.812
276.294
276.874
277.840
279.001
280.456
282.012
283.669
285.428
287.192
288.764
290.143
291.822
293.405
294.595
295.688
296.882
297.979
298.977
300.278
301.681
303.087
304.496
305.909
307.931
309.959
311.688
313.625
315.464
317.103
318.643
319.981
321.218
322.250
322.871
323.491
323.905
324.112
324.319
324.319
324.423
324.216
323.802
323.388
322.767
322.147
321.527
320.806
319.878
318.952
318.129
317.206
316.385
315.668
314.748
314.032
313.317
312.502
311.992
311.890
312.094
312.400
313.114
314.032
314.952
315.770
316.180
316.590
317.103
317.206
317.206
317.103
317.103
317.308
317.103
316.795
316.590
316.180
315.872
315.566
314.952
314.543
314.134
313.725
313.317
312.808
312.400
312.298
312.604
313.012
313.419
314.339
315.771
317.103
318.438
319.775
321.322
322.974
324.631
326.291
327.642
328.892
329.935
330.562
330.876
331.189
331.294
330.876
330.353
329.935
329.310
328.788
328.371
327.954
327.642
327.538
327.746
328.267
329.101
330.249
331.503
332.550
333.598
334.123
334.648
335.278
335.594
335.699
335.489
335.068
334.753
334.542
333.703
332.550
331.294
330.144
329.101
327.851
326.499
324.942
323.181
321.218
319.055
316.795
314.646
312.502
310.061
307.830
305.909
303.993
302.083
300.278
298.778
297.480
296.384
295.489
294.595
293.801
293.405
293.108
292.811
292.415
291.821
291.130
290.439
289.650
288.666
287.683
286.603
285.330
284.157
283.083
281.720
280.456
279.098
277.550
276.006
274.369
272.833
271.300
269.868
268.438
267.012
265.779
264.643
263.603
262.754
262.095
261.718
261.530
261.530
261.907
262.660
263.698
265.306
267.297
269.486
272.067
274.754
277.260
279.680
281.915
283.669
284.939
285.917
286.898
287.388
287.486
287.682
287.486
286.898
286.505
286.015
285.330
284.743
284.059
283.376
282.693
282.011
281.233
280.553
279.971
279.486
279.389
279.292
279.195
279.292
279.582
279.970
280.456
281.136
281.817
282.401
283.083
283.961
284.939
285.525
285.917
286.407
286.799
286.898
287.094
287.683
288.075
288.469
289.059
289.650
290.340
291.228
292.415
293.901
295.888
298.079
300.379
302.886
305.303
307.931
310.264
312.401
314.543
316.181
317.925
319.569
320.806
321.941
323.077
324.112
324.734
325.356
325.979
326.083
325.771
325.460
324.942
324.112
323.284
322.767
322.664
322.974
323.802
325.045
326.187
327.226
328.267
328.997
329.310
329.101
328.684
328.059
327.434
327.018
326.395
325.668
325.149
324.734
324.319
324.112
323.905
323.491
323.284
323.077
322.871
322.871
322.871
322.664
322.250
321.940
321.631
321.424
321.321
321.527
321.837
322.147
322.871
323.284
323.491
324.112
324.838
325.149
325.564
326.083
326.394
326.498
326.706
327.330
327.850
328.163
328.579
329.101
329.622
330.249
330.980
331.399
331.922
332.444
332.235
332.131
331.608
330.876
330.249
329.414
328.684
327.642
326.706
325.875
325.045
324.423
323.698
322.767
322.043
321.424
320.806
320.084
319.260
318.746
318.232
317.821
317.308
316.795
316.385
315.975
315.668
315.463
315.259
315.054
314.952
314.748
314.543
314.543
314.645
314.850
314.748
314.543
314.543
314.441
314.339
314.236
314.134
313.828
313.623
313.419
313.216
312.808
312.196
311.585
310.873
310.365
309.755
308.944
308.032
307.020
306.110
305.202
304.093
302.987
301.682
300.178
298.678
297.181
295.887
294.694
293.702
292.811
292.019
291.327
290.242
288.863
286.996
284.450
281.623
278.421
274.659
270.537
266.538
262.473
258.436
254.521
250.633
247.139
244.032
241.033
238.143
235.179
232.231
229.568
227.006
224.634
222.273
220.010
217.845
215.776
213.888
212.092
210.389
208.862
207.593
206.580
205.571
204.563
203.809
203.056
202.221
201.388
200.639
199.892
199.146
198.484
197.741
196.917
196.258
195.765
195.109
194.453
193.881
193.391
192.901
192.331
191.843
191.355
190.868
190.462
190.138
189.653
189.006
188.522
188.200
187.797
187.314
186.752
186.190
185.630
184.990
184.351
183.634
182.997
182.441
181.807
181.252
180.620
179.910
179.280
178.572
177.944
177.474
177.239
177.318
177.553
177.944
178.730
179.832
181.095
182.522
183.873
185.230
186.672
187.878
188.926
190.058
191.111
192.005
193.064
194.290
195.437
196.587
197.989
199.478
200.889
202.138
203.307
204.479
205.571
206.665
207.593
208.353
209.200
210.134
210.813
211.495
212.177
212.689
213.373
213.972
214.487
215.174
215.861
216.464
217.067
217.758
218.536
219.315
220.009
220.878
221.836
222.796
223.757
224.896
226.126
227.094
228.329
229.567
230.453
231.341
232.231
233.122
233.836
234.462
235.088
235.895
236.702
237.241
237.782
238.322
238.592
238.502
238.322
238.232
237.962
237.512
237.062
236.702
236.343
235.805
235.536
235.446
235.356
235.626
235.715
235.536
235.536
235.536
235.267
235.088
234.819
234.194
233.836
233.479
232.765
231.964
231.075
230.276
229.655
228.859
227.887
227.182
226.741
226.213
225.774
225.510
225.335
225.335
225.510
225.774
226.213
226.829
227.534
228.063
228.594
229.301
229.744
230.009
230.276
230.365
230.187
230.187
230.365
230.453
230.897
231.430
231.964
232.587
233.390
234.104
234.730
235.626
236.343
236.792
237.422
238.232
238.863
239.314
239.676
239.856
239.856
239.766
239.405
238.863
238.412
237.962
237.242
236.523
235.984
235.536
235.088
234.551
234.015
233.479
232.943
232.320
231.608
230.897
230.010
228.947
227.976
227.006
226.037
225.159
224.282
223.582
222.970
222.446
222.010
221.662
221.313
220.965
220.791
220.617
220.270
220.009
219.836
219.402
218.882
218.450
217.930
217.153
216.550
216.033
215.431
214.916
214.315
213.715
213.202
212.604
212.006
211.665
211.324
210.813
210.218
209.709
209.200
208.776
208.438
207.677
206.917
206.496
205.991
205.402
204.815
204.227
203.641
202.889
202.137
201.305
200.307
199.312
198.071
196.752
195.602
194.454
193.391
192.169
190.787
189.572
188.361
187.074
185.790
184.432
183.077
181.728
180.462
179.359
178.337
177.239
175.990
174.667
173.348
172.034
170.725
169.498
168.275
167.208
166.372
165.615
164.858
164.104
163.426
162.825
162.150
161.327
160.655
159.985
159.093
158.278
157.465
156.507
155.551
154.745
154.086
153.284
152.266
151.323
150.384
149.304
148.299
147.369
146.513
145.660
144.738
143.890
143.115
142.482
141.921
141.291
140.662
139.965
139.340
138.924
138.439
138.023
137.748
137.334
136.989
136.714
136.233
135.753
135.206
134.591
134.114
133.570
133.027
132.553
131.944
131.404
130.933
130.396
129.859
129.324
128.790
128.191
127.526
126.996
126.533
125.939
125.412
125.018
124.624
124.166
123.773
123.577
123.251
122.926
122.796
122.601
122.275
121.951
121.757
121.498
121.304
121.110
120.787
120.594
120.401
120.208
120.015
119.693
119.436
119.308
119.180
118.988
118.796
118.668
118.541
118.413
118.349
118.349
118.477
118.732
119.116
119.758
120.465
121.175
122.017
122.796
123.643
124.625
125.610
126.666
127.659
128.724
130.062
131.540
133.096
134.660
136.302
138.025
139.480
140.803
141.921
142.622
142.974
142.904
142.482
141.711
140.732
139.688
138.646
137.610
136.577
135.685
135.205
135.205
135.548
136.302
137.196
137.955
138.577
138.993
139.132
138.924
138.508
138.024
137.265
136.371
135.548
134.796
134.182
133.706
133.298
133.027
133.095
133.163
133.163
133.366
133.638
133.978
134.386
134.796
135.137
135.479
135.685
135.890
136.233
136.302
136.233
136.302
136.302
136.233
136.165
136.096
136.096
136.165
136.165
136.165
136.233
136.371
136.714
137.196
137.748
138.300
138.854
139.479
140.035
140.592
141.291
141.991
142.622
143.255
143.960
144.667
145.305
145.944
146.655
147.297
147.941
148.729
149.592
150.601
151.613
152.557
153.649
154.745
155.918
157.096
158.130
159.316
160.506
161.552
162.600
163.577
164.481
165.388
166.297
167.208
168.122
169.038
169.957
170.802
171.726
172.651
173.502
174.433
175.444
176.458
177.396
178.494
179.674
180.779
181.966
183.236
184.591
185.790
186.913
188.200
189.653
191.193
192.902
194.863
196.835
198.899
200.973
202.973
204.815
206.496
207.846
208.946
210.049
210.728
211.069
211.324
211.324
211.154
210.728
210.049
209.116
207.846
206.580
205.067
203.307
201.471
199.561
197.577
195.602
193.555
191.436
189.573
187.878
186.271
184.751
183.395
182.203
181.016
179.832
178.730
177.475
176.146
174.744
173.271
171.726
169.958
168.199
166.297
164.331
162.526
160.656
158.797
157.096
155.405
153.722
152.122
150.673
149.376
148.228
147.369
146.655
145.944
145.446
145.233
145.162
145.375
145.731
146.228
146.869
147.512
148.299
149.160
149.951
150.673
151.323
151.831
152.266
152.629
152.920
153.139
153.284
153.357
153.357
153.211
152.993
152.847
152.702
152.556
152.483
152.411
152.411
152.629
152.847
153.139
153.575
154.159
154.818
155.551
156.433
157.391
158.500
159.613
160.880
162.301
163.728
165.161
166.752
168.504
170.342
172.420
174.511
176.693
179.045
181.412
183.953
186.593
189.250
192.006
194.700
197.165
199.396
201.471
203.307
204.647
205.739
206.665
207.255
207.761
208.269
208.438
208.353
208.269
207.930
207.423
207.086
206.749
206.243
205.654
205.066
204.479
203.892
203.307
202.722
202.137
201.554
201.055
200.639
200.141
199.809
199.809
199.726
199.809
200.307
200.971
201.721
202.722
203.809
204.982
206.243
207.424
208.607
209.709
210.644
211.495
212.091
212.433
212.774
213.031
213.202
213.202
213.117
213.117
213.202
213.202
213.031
213.031
213.202
213.288
213.544
213.886
214.229
214.658
215.088
215.603
216.033
216.550
216.981
217.240
217.585
217.671
217.671
217.585
217.326
216.981
216.550
216.205
215.603
214.916
214.230
213.288
212.518
211.665
210.559
209.624
208.523
207.255
206.075
204.898
203.642
202.222
200.889
199.561
198.071
196.670
195.355
194.208
193.228
192.331
191.599
190.949
190.462
190.138
190.058
190.138
190.219
190.543
190.949
191.355
191.924
192.493
193.391
194.290
194.945
195.930
196.999
197.906
198.815
199.809
200.806
201.804
202.722
203.557
204.311
204.982
205.739
206.328
206.749
207.170
207.592
207.930
208.184
208.438
208.692
208.861
208.945
209.030
209.030
208.945
208.776
208.522
208.184
207.761
207.339
206.665
205.991
205.318
204.479
203.809
203.056
202.304
201.554
200.805
199.975
199.063
198.319
197.576
196.752
196.012
195.355
194.863
194.617
194.699
195.273
196.176
197.247
198.568
200.225
201.972
203.809
205.655
207.593
209.540
211.325
213.202
215.002
216.722
218.363
220.010
221.836
223.407
224.721
226.038
227.270
228.240
228.771
229.036
229.124
228.682
227.799
226.566
225.159
223.670
221.749
219.663
217.586
215.604
213.716
211.922
210.049
208.100
206.496
205.150
203.726
202.555
201.388
200.141
199.146
198.071
196.999
196.012
194.863
193.636
192.494
191.193
189.734
188.361
186.833
185.230
183.714
182.045
180.226
178.337
176.458
174.589
172.729
170.802
168.963
167.285
165.540
163.879
162.151
160.357
158.797
157.317
155.845
154.306
152.993
151.903
150.890
150.096
149.376
148.801
148.370
147.940
147.655
147.512
147.226
146.727
146.228
145.731
145.163
144.526
143.890
143.255
142.622
142.061
141.361
140.732
140.174
139.617
139.201
138.785
138.439
138.300
138.300
138.369
138.646
139.062
139.618
140.523
141.641
142.763
144.032
145.518
147.013
148.586
150.312
152.049
153.722
155.405
157.170
158.871
160.432
161.851
163.051
164.104
165.085
165.842
166.524
167.132
167.512
167.817
168.198
168.656
169.191
169.804
170.571
171.494
172.342
173.193
174.278
175.522
176.849
178.259
179.832
181.729
183.873
186.111
188.523
191.275
194.291
197.330
200.308
203.224
205.992
208.777
211.496
213.802
215.948
217.845
219.663
221.488
222.971
224.458
226.038
227.535
228.947
230.365
231.786
232.943
233.836
234.462
234.909
235.356
235.446
235.536
235.805
236.074
236.433
236.792
237.061
237.422
237.782
238.052
238.412
238.772
238.953
239.043
239.224
239.405
239.676
239.766
239.676
239.585
239.495
239.495
239.405
239.314
239.043
238.592
237.962
236.972
235.895
234.551
232.766
230.720
228.418
225.863
223.058
220.184
217.327
214.573
212.007
209.455
207.003
204.647
202.555
200.723
198.899
197.247
195.848
194.617
193.309
192.087
191.192
190.219
189.168
188.119
187.234
186.351
185.310
184.431
183.395
182.283
181.332
180.305
179.201
178.180
177.318
176.380
175.444
174.821
174.433
174.045
173.890
174.122
174.744
175.678
176.849
178.416
179.989
181.808
183.714
185.550
187.557
189.411
191.112
192.820
194.372
195.684
196.999
198.402
199.726
200.972
202.305
203.642
205.067
206.496
207.846
209.201
210.389
211.580
212.775
213.801
214.916
216.120
217.586
219.490
221.924
224.809
228.153
231.698
235.268
238.774
241.849
244.396
246.497
248.331
249.525
250.078
250.078
249.709
248.974
248.055
247.321
246.863
246.771
247.046
247.779
248.698
249.710
250.724
251.647
252.479
252.942
253.220
253.498
253.313
252.942
252.479
251.831
251.277
250.724
250.078
249.433
248.974
248.514
248.054
247.504
246.863
246.405
245.947
245.308
244.669
244.031
243.393
242.756
242.030
241.395
240.761
240.218
239.495
238.682
238.052
237.062
235.895
234.909
233.836
232.765
231.786
230.720
229.833
228.947
227.711
226.214
224.634
222.796
220.531
218.017
215.346
212.604
209.795
207.003
204.228
201.306
198.320
195.356
192.251
189.330
186.513
183.794
181.175
178.573
176.380
174.278
172.265
170.342
168.581
166.981
165.388
164.029
162.975
162.300
161.926
161.851
162.450
163.652
165.388
167.818
170.957
174.512
178.181
182.047
186.032
189.897
193.474
196.918
200.059
202.890
205.319
207.509
209.455
211.155
212.689
213.887
215.174
216.464
217.499
218.363
219.316
220.444
221.313
222.097
222.970
223.670
224.458
225.422
226.389
227.358
228.506
229.833
231.609
233.748
236.075
238.593
241.124
243.576
245.857
248.056
250.079
251.740
253.128
254.519
255.728
256.660
257.593
258.341
258.622
258.528
258.248
257.500
256.101
254.426
252.480
250.355
248.239
246.131
244.123
242.394
241.033
240.127
240.127
240.761
241.576
242.939
244.669
246.497
248.515
250.632
252.665
254.426
256.101
257.500
258.622
259.464
260.027
260.309
260.309
260.215
260.027
259.652
258.996
258.435
257.780
256.940
256.194
255.170
253.870
252.479
251.093
249.710
248.239
246.771
245.217
243.758
242.394
241.214
240.128
239.043
238.142
237.422
236.702
235.715
234.730
233.925
233.122
232.498
231.875
231.075
230.453
230.009
229.655
229.478
229.478
229.567
229.744
229.921
229.921
230.009
230.009
229.832
229.655
229.124
228.594
228.240
227.799
227.534
227.446
227.711
228.328
229.036
229.833
230.720
231.786
233.033
234.372
235.716
237.242
238.864
240.671
242.576
244.305
245.948
247.413
248.790
249.802
250.447
251.000
251.093
250.908
250.631
249.986
249.249
248.606
247.596
246.496
245.582
244.578
243.484
242.484
241.486
240.489
239.495
238.502
237.602
236.882
236.433
236.164
236.164
236.523
237.332
238.412
239.766
241.214
242.484
243.666
244.851
245.856
246.679
247.412
247.687
247.779
247.962
247.688
247.138
246.588
246.039
245.673
245.399
245.217
245.217
245.399
245.856
246.588
247.412
248.514
249.802
251.000
252.109
253.128
253.869
254.705
255.728
256.567
257.313
258.435
259.652
260.684
261.907
262.943
263.792
264.832
265.494
265.873
266.537
267.012
267.392
267.677
267.867
268.057
268.152
268.247
268.152
268.057
268.057
267.772
267.297
266.443
265.210
263.698
261.624
259.278
256.754
254.056
251.555
249.158
246.954
245.490
244.395
243.484
242.575
241.667
240.761
239.495
238.052
236.344
234.194
231.875
229.302
226.478
223.758
220.966
217.932
215.003
212.008
208.947
205.992
203.224
200.474
197.577
194.700
191.844
189.250
186.753
184.193
181.649
179.124
176.693
174.434
172.188
169.958
167.894
165.842
163.803
161.776
159.837
157.983
156.066
154.233
152.485
150.818
149.089
147.298
145.802
144.384
142.974
141.711
140.523
139.479
138.646
138.024
137.541
137.334
137.265
137.472
137.954
138.646
139.757
141.082
142.623
144.456
146.585
148.946
151.470
154.015
156.433
158.872
161.253
163.427
165.312
166.905
168.428
169.727
170.802
171.957
173.115
174.278
175.600
177.083
178.730
180.621
182.681
184.592
186.592
188.684
190.707
192.821
194.781
196.505
198.237
199.975
201.721
203.474
205.319
207.256
209.116
211.325
213.716
215.862
218.104
220.357
222.534
224.458
226.302
228.064
229.568
231.075
232.320
233.569
234.641
235.536
236.254
236.612
236.702
236.612
236.433
235.984
235.715
235.626
235.446
235.356
235.356
235.356
235.267
235.267
235.356
235.536
235.626
235.626
235.715
235.805
235.984
236.164
236.254
235.984
235.805
235.805
235.626
235.536
235.536
235.356
235.177
235.177
235.088
234.998
235.177
235.446
235.626
235.984
236.702
237.422
237.962
238.412
238.772
238.862
238.592
238.412
238.142
237.782
237.692
237.602
237.602
237.782
237.962
238.232
238.502
238.682
239.043
239.495
240.037
240.761
241.576
242.393
243.120
244.122
244.943
245.582
246.313
246.954
247.596
248.054
248.330
248.790
249.618
250.539
251.462
252.572
253.684
254.705
255.914
256.940
257.593
258.341
258.996
259.464
259.933
260.215
260.496
260.778
260.871
260.778
260.590
260.215
259.652
259.090
258.435
257.780
257.126
256.660
256.287
255.821
255.356
254.891
254.519
254.148
253.962
253.869
253.869
253.869
253.962
254.148
254.241
254.612
254.891
255.170
255.821
256.380
256.940
257.687
258.435
259.277
260.121
260.966
261.813
262.566
263.320
263.981
264.548
265.021
265.210
265.400
265.684
266.063
266.347
266.442
266.631
266.631
266.536
266.631
266.727
266.917
267.202
267.772
268.723
270.155
272.354
274.658
277.261
280.263
283.279
286.212
288.961
291.526
294.000
296.186
297.780
299.178
300.378
301.079
301.581
301.480
300.979
300.478
299.877
298.778
297.580
296.584
295.390
294.297
292.910
291.525
290.143
288.371
286.310
283.572
280.262
276.586
272.259
267.584
262.662
257.596
252.481
247.506
242.668
237.964
233.303
228.684
224.459
220.359
216.552
213.033
209.626
206.497
203.726
201.222
198.899
196.753
194.945
193.391
191.843
190.544
189.572
188.683
187.877
187.314
186.913
186.511
186.110
185.869
185.710
185.550
185.470
185.310
185.150
185.150
184.990
184.830
184.830
184.830
184.830
184.750
184.590
184.590
184.670
184.750
184.910
185.070
185.310
185.550
185.789
186.110
186.431
186.672
186.993
187.475
187.877
188.200
188.442
188.764
189.167
189.572
189.977
190.462
191.030
191.599
192.168
192.656
193.064
193.554
193.962
194.044
194.208
194.290
194.126
194.044
193.962
193.799
193.554
193.391
193.309
193.064
192.820
192.493
192.168
191.924
191.436
190.949
190.543
189.977
189.491
189.006
188.442
187.958
187.636
187.555
187.716
188.280
189.330
191.193
194.045
197.991
203.059
209.035
215.435
221.840
227.979
233.392
237.603
240.128
241.395
241.849
241.395
240.218
238.953
238.322
238.052
238.142
238.953
240.218
241.940
243.849
245.765
247.688
249.434
250.816
252.017
252.942
253.405
253.683
253.776
253.869
253.869
253.776
253.591
253.312
252.757
252.017
251.185
250.170
248.882
247.229
245.856
244.669
243.302
241.939
240.580
239.405
238.412
237.063
235.536
234.194
232.677
230.897
229.125
227.270
225.422
223.845
222.534
221.574
221.226
221.313
221.836
222.883
224.371
226.214
228.595
231.253
234.105
237.333
240.400
243.030
245.674
248.147
249.987
251.648
253.128
254.241
255.170
256.194
257.313
258.810
260.779
263.321
266.633
270.537
274.851
278.906
282.500
285.722
288.765
291.328
293.009
294.198
294.893
295.290
295.389
295.290
295.092
294.496
293.999
293.702
293.306
293.009
292.712
292.415
292.415
292.613
292.811
293.306
293.701
293.900
294.198
294.496
295.092
295.588
295.687
295.886
296.285
296.683
296.683
296.584
296.285
295.787
295.389
294.694
293.900
293.207
292.712
292.118
291.426
290.834
290.143
289.650
289.453
289.256
289.059
288.863
288.764
288.961
289.552
290.340
291.327
292.217
293.207
294.694
295.887
296.982
298.578
300.078
301.079
302.183
303.389
304.295
305.000
305.504
305.908
306.110
305.908
305.706
305.504
305.101
304.396
303.791
303.489
303.087
302.685
301.782
300.679
299.478
297.880
296.186
294.199
292.217
290.439
288.568
286.701
284.841
282.888
281.039
279.195
277.647
276.392
274.754
273.121
271.779
270.155
268.058
265.779
263.320
260.404
256.941
253.221
249.619
246.131
242.667
239.406
236.344
233.480
230.898
228.594
226.390
224.371
222.534
220.618
218.796
217.154
215.518
213.973
212.604
211.324
210.049
208.861
207.846
206.833
205.907
205.150
204.311
203.557
202.972
202.304
201.721
201.305
200.971
200.390
199.892
199.560
199.229
198.980
198.649
198.236
197.741
197.164
196.752
196.341
195.765
195.191
194.535
194.044
193.554
192.820
192.168
191.680
191.192
190.544
189.977
189.572
189.087
188.683
188.361
187.958
187.636
187.394
186.993
186.592
186.270
185.950
185.470
185.070
184.830
184.590
184.351
184.191
184.271
184.430
184.750
185.150
185.790
186.592
187.234
187.877
188.442
188.925
189.491
190.058
190.462
190.868
191.436
192.086
192.738
193.472
194.372
195.355
196.341
197.494
198.733
200.058
201.388
202.555
203.725
204.815
205.907
206.833
207.762
208.861
210.134
211.836
213.887
216.551
219.663
223.146
227.184
231.521
235.986
240.129
243.667
246.956
249.987
252.665
254.985
256.847
258.248
259.277
260.215
260.966
261.436
262.001
262.754
263.603
264.548
265.779
267.297
269.010
270.632
272.067
273.504
274.754
275.813
276.584
276.777
276.295
275.042
273.312
270.823
267.868
264.643
260.967
257.408
253.778
250.172
246.772
243.758
241.124
238.774
236.703
234.910
233.479
232.676
232.498
232.498
233.033
234.104
235.447
237.243
239.044
240.762
242.485
244.122
245.490
246.771
247.963
249.066
250.170
250.816
251.185
251.739
252.202
252.387
252.572
252.757
252.850
252.757
252.757
253.035
253.127
253.127
253.035
252.942
253.035
253.127
253.035
252.850
252.850
252.850
252.757
252.572
252.202
251.462
250.631
249.434
247.688
245.857
244.122
242.485
240.581
238.683
237.152
235.895
234.909
234.372
234.641
235.536
237.063
239.044
241.124
243.485
245.674
247.780
249.803
251.278
252.202
252.850
253.312
253.498
253.683
253.776
253.591
253.312
253.035
252.572
252.109
251.739
251.185
250.631
250.170
249.434
248.882
248.514
247.871
247.046
246.222
245.217
244.213
243.211
242.211
241.304
240.128
239.133
238.322
237.422
236.433
235.536
234.730
233.925
233.211
232.498
231.786
230.986
230.453
230.010
229.390
228.947
228.505
227.799
226.917
225.950
224.983
224.107
223.232
222.097
220.965
219.923
218.709
217.499
216.292
215.174
214.230
213.288
212.177
211.239
210.643
210.049
209.285
208.438
207.677
206.917
206.159
205.486
204.898
204.144
203.390
202.805
202.221
201.638
200.971
200.390
199.726
199.146
198.732
198.236
197.658
197.081
196.670
196.341
195.929
195.273
194.699
194.371
194.126
193.799
193.228
192.738
192.168
191.274
190.462
189.734
188.845
187.878
187.154
186.431
185.630
184.990
184.351
183.714
183.077
182.600
182.124
181.569
181.015
180.462
180.068
179.673
179.280
178.887
178.494
178.023
177.396
176.926
176.457
175.911
175.444
174.977
174.510
174.045
173.502
172.883
172.497
172.110
171.801
171.571
171.263
171.263
171.417
171.648
171.879
172.110
172.342
172.651
172.960
173.192
173.269
173.269
173.269
173.269
173.269
173.115
172.960
172.728
172.651
172.651
172.806
173.270
173.967
175.055
176.537
178.259
180.226
182.442
184.592
186.753
188.846
190.788
192.658
194.372
196.095
198.072
200.391
202.890
205.739
208.947
212.263
215.518
218.884
222.273
225.600
228.949
232.322
235.627
238.593
241.305
243.576
245.674
247.597
249.250
250.816
252.202
253.220
254.055
254.984
255.914
256.753
257.313
257.967
258.809
259.558
260.027
260.215
260.590
261.060
261.436
261.907
262.755
263.981
265.494
267.297
269.295
271.492
273.505
275.139
276.584
277.937
278.904
279.292
279.486
279.389
279.001
278.614
278.130
277.550
277.163
276.874
276.584
276.198
275.812
275.524
274.946
274.369
273.984
273.696
273.504
273.888
274.946
276.295
278.324
281.234
284.549
287.978
291.723
295.490
298.978
302.284
305.404
308.032
310.264
312.196
313.726
315.157
316.590
317.822
318.849
319.672
320.393
321.218
321.837
322.043
322.043
321.940
321.734
321.012
320.084
319.055
317.924
316.693
315.463
314.033
312.298
310.975
309.553
307.931
306.413
305.000
303.791
302.484
300.979
299.578
298.378
297.480
296.384
295.191
294.396
293.702
292.811
292.019
291.327
290.735
290.340
289.847
289.650
289.847
290.143
290.439
290.932
291.722
292.514
293.207
293.702
293.999
294.198
294.297
293.702
292.415
290.932
288.961
286.799
285.330
284.841
285.526
287.291
289.750
292.812
296.386
299.878
303.289
306.414
309.045
311.586
313.317
314.543
315.668
316.385
317.001
317.616
318.232
319.158
320.703
322.975
325.980
329.833
334.019
337.701
340.765
342.460
342.778
342.142
340.130
337.173
333.704
329.832
325.773
321.632
317.822
314.442
311.382
308.539
306.212
304.396
302.585
301.179
299.878
298.279
296.683
295.092
293.603
291.921
290.242
288.371
286.505
284.841
283.083
281.525
279.777
278.420
277.357
276.102
274.946
273.888
273.025
272.066
270.823
269.391
267.772
265.874
263.698
261.343
258.903
256.474
254.148
251.925
249.895
248.056
246.314
244.851
243.575
242.303
241.304
240.580
239.947
239.405
238.953
238.772
238.592
238.232
237.962
237.782
237.512
237.241
237.151
237.061
237.061
237.151
237.151
237.151
236.972
236.612
236.343
235.984
235.446
234.909
234.283
233.747
233.300
232.676
232.142
231.697
231.163
230.631
230.187
229.744
229.301
228.947
228.594
228.328
228.063
227.975
228.240
228.859
229.833
231.164
232.855
234.731
236.703
238.593
240.309
242.031
243.667
245.034
246.130
247.321
248.514
249.249
249.986
250.908
251.369
251.647
252.109
252.294
252.572
252.942
253.220
253.683
254.055
254.426
254.798
254.891
255.170
255.449
255.542
255.728
255.821
255.914
256.008
256.194
256.660
257.500
258.809
260.685
263.038
265.590
268.343
271.110
273.793
276.199
278.034
279.680
280.942
281.719
282.303
282.401
282.498
282.498
282.303
282.108
281.719
281.428
281.233
281.039
280.942
281.136
281.330
281.428
281.719
282.011
282.498
283.278
284.157
285.134
286.211
287.388
288.666
289.847
290.735
291.822
292.811
293.603
294.198
294.198
294.099
293.999
293.603
292.910
292.118
291.426
290.834
290.143
289.059
287.879
287.094
286.211
285.036
283.766
282.693
281.914
281.136
280.553
280.359
280.456
280.747
280.845
281.039
281.622
282.206
282.888
283.668
284.645
285.820
286.996
288.273
289.947
291.525
292.910
294.297
295.290
295.687
295.886
295.886
295.787
295.787
295.489
295.191
295.092
295.092
295.389
296.285
297.281
298.178
299.378
300.979
302.987
305.000
306.817
308.842
310.873
312.502
313.828
315.054
316.283
317.308
317.718
317.718
317.513
316.795
315.464
313.727
311.789
309.756
307.526
305.102
302.987
301.380
300.278
299.677
299.677
300.077
300.879
302.183
303.691
305.202
306.615
308.235
310.061
311.585
313.114
315.055
317.103
319.055
321.218
323.802
326.499
329.310
332.446
335.805
338.968
342.037
345.225
347.891
349.816
351.532
353.035
354.111
354.973
355.619
355.835
356.159
356.591
356.807
357.023
357.239
357.455
357.888
358.320
358.537
358.429
357.996
357.455
357.023
356.052
354.542
353.035
351.103
348.746
346.503
344.267
341.718
339.073
336.226
333.389
330.667
327.747
324.631
321.735
319.055
316.283
313.523
310.975
308.538
306.212
304.094
302.183
300.478
299.077
297.879
296.783
295.887
294.992
294.396
293.999
293.405
292.811
292.217
291.623
291.130
290.537
289.847
289.256
288.863
288.469
287.879
287.094
286.309
285.526
284.841
284.254
283.473
282.693
281.817
280.747
279.680
278.517
277.260
275.910
274.657
273.696
272.545
271.396
270.250
269.105
267.867
266.253
264.360
262.190
259.934
257.687
255.264
252.758
250.447
248.055
245.765
243.758
241.758
240.128
238.773
237.602
236.792
236.074
235.536
235.267
235.356
235.715
236.074
236.702
237.331
237.782
238.412
239.133
239.947
241.033
242.394
243.666
244.851
246.222
247.504
248.790
249.986
251.000
252.109
253.220
254.241
254.984
255.821
256.753
257.500
258.061
258.435
258.715
259.090
259.371
259.558
259.933
259.933
259.840
260.027
260.309
260.496
260.778
261.624
262.943
264.359
266.158
268.343
270.441
272.738
274.850
276.874
279.098
280.942
282.694
284.450
285.918
287.487
288.863
290.143
291.426
292.415
293.504
294.595
295.688
296.783
298.079
299.377
300.679
302.384
304.094
305.909
308.032
310.365
312.604
314.748
316.795
318.849
321.012
323.077
325.045
326.707
328.372
330.249
332.236
334.123
335.804
337.700
339.601
341.188
342.460
343.628
344.692
345.863
346.823
347.036
347.143
347.249
347.249
347.249
347.143
347.143
347.249
347.463
348.104
348.853
349.387
350.566
351.746
352.605
353.680
354.326
354.973
355.727
356.159
356.699
357.131
357.347
357.563
357.888
357.996
357.887
357.887
357.563
356.915
356.375
355.728
354.757
353.681
352.820
352.175
351.209
350.244
349.388
348.532
347.250
346.076
344.905
343.310
341.930
340.447
338.545
336.647
334.859
333.074
331.294
329.727
328.164
326.810
325.772
324.527
323.698
323.077
322.353
321.940
321.631
321.321
321.218
321.218
321.527
322.354
323.181
323.802
324.734
325.875
326.810
327.642
328.267
328.788
329.101
329.414
329.727
329.518
329.205
328.788
328.579
328.371
328.058
327.954
327.850
327.850
327.746
327.746
328.058
328.267
328.684
329.518
330.667
331.608
332.445
333.703
334.858
335.909
336.857
337.700
338.544
339.284
339.918
340.447
341.082
341.718
342.248
342.778
342.991
343.097
343.097
343.097
343.097
342.778
342.248
341.824
341.400
340.659
339.812
338.967
338.017
336.857
335.594
334.228
332.864
331.399
329.727
328.267
326.914
325.460
324.113
322.458
321.012
319.878
318.643
317.411
316.283
315.463
314.543
313.624
312.808
311.891
310.873
310.060
309.146
307.829
306.716
305.505
304.295
303.288
301.982
300.679
299.378
298.079
296.783
295.688
294.595
293.306
292.118
290.735
289.355
288.174
286.898
285.526
284.059
282.791
281.525
280.068
278.711
277.163
275.620
274.177
272.833
271.492
270.059
268.819
267.772
266.917
266.347
265.968
265.873
265.968
266.158
266.347
266.347
266.442
266.252
265.589
264.926
264.075
263.131
262.189
261.060
260.215
259.464
258.809
258.435
258.248
258.061
258.061
258.341
258.528
258.715
258.809
258.902
259.183
259.277
259.089
258.902
258.809
258.622
258.341
258.341
258.435
258.341
258.248
258.528
258.902
259.183
259.652
260.027
260.215
260.496
260.778
261.060
261.154
261.154
261.342
261.530
261.718
262.095
262.849
264.076
265.874
267.868
270.154
272.930
275.813
278.615
281.233
283.865
286.506
288.764
290.834
292.712
294.298
295.788
297.381
298.778
299.878
301.079
302.183
302.987
303.791
304.496
304.899
305.101
305.000
305.000
305.101
305.101
305.101
305.202
305.706
306.211
306.817
307.525
308.234
309.146
310.060
311.076
312.298
313.419
314.543
315.873
317.411
318.849
320.084
321.424
322.560
323.595
324.630
325.564
326.499
327.330
328.372
329.310
329.935
330.771
331.503
332.236
332.759
332.759
332.654
332.445
332.131
331.712
331.189
330.666
330.144
329.727
329.205
328.684
328.267
327.850
327.434
327.018
327.018
327.434
327.850
328.267
329.205
330.458
331.608
332.759
333.913
334.963
335.909
336.751
337.489
338.017
338.017
337.911
337.595
336.962
336.435
335.699
334.753
333.913
332.864
331.608
330.249
328.684
327.226
326.083
324.528
322.974
321.631
320.290
319.466
318.746
317.924
317.103
316.488
316.180
315.975
315.463
314.952
314.645
314.339
313.828
312.910
312.094
311.788
311.280
310.771
310.263
309.856
309.958
309.856
309.451
309.146
309.045
308.842
308.842
308.944
309.045
309.552
310.466
311.483
312.706
314.135
315.874
317.719
319.673
321.631
323.492
325.356
326.914
328.789
330.876
332.550
334.123
336.015
338.017
339.707
341.401
342.885
343.947
345.118
346.183
347.250
347.997
348.425
349.066
349.280
349.173
349.173
349.066
348.853
348.639
348.318
347.784
347.036
346.609
346.076
345.330
345.011
344.479
343.947
343.522
342.885
342.142
341.824
341.506
340.976
340.764
340.764
340.553
340.024
339.707
339.178
338.438
337.489
336.120
334.648
333.074
331.085
328.997
326.915
324.838
322.768
320.703
318.747
316.795
314.952
313.216
311.484
309.857
308.032
306.312
304.799
303.188
301.682
300.078
298.378
296.584
294.893
293.009
291.130
289.454
288.076
286.799
285.330
284.059
282.986
282.012
280.942
279.874
279.001
277.937
276.777
276.005
275.427
274.754
274.080
273.504
272.641
271.874
271.396
270.727
270.344
270.344
270.344
270.249
270.153
270.249
270.058
269.295
268.533
267.677
266.632
265.400
264.075
263.037
262.095
261.248
260.309
259.558
259.090
258.809
259.090
259.840
261.155
263.321
265.874
268.724
271.779
274.851
278.325
281.623
284.548
287.585
290.439
293.207
295.987
298.479
300.578
302.585
304.396
305.707
306.919
307.727
308.234
308.944
309.451
309.653
310.161
310.975
311.585
312.196
313.012
313.828
314.645
315.463
316.078
316.488
316.898
317.103
317.001
317.001
317.103
316.898
316.795
316.795
316.590
316.488
316.385
316.283
316.590
316.898
317.001
317.411
318.129
318.952
319.466
319.981
320.702
321.321
322.044
322.664
323.491
324.319
324.734
325.460
326.291
326.706
327.226
327.954
328.788
329.518
329.831
330.144
330.666
331.189
331.399
331.294
330.980
330.562
330.040
329.310
328.267
327.122
325.979
324.838
323.698
322.767
321.837
321.012
320.496
319.981
319.672
319.466
319.158
318.746
318.541
318.232
317.616
316.898
316.180
315.259
314.236
313.317
312.400
311.483
310.670
309.958
309.146
308.741
308.538
308.031
307.930
307.930
307.525
307.121
306.716
306.211
305.605
304.698
303.590
302.484
301.080
299.877
298.778
297.480
296.185
294.893
293.702
292.712
291.821
290.636
289.650
288.764
287.683
286.996
286.309
285.623
285.036
284.645
284.352
283.766
283.473
283.473
283.278
282.693
282.108
281.719
281.428
280.942
280.261
279.679
279.098
278.711
278.711
279.098
279.679
280.747
282.401
284.255
286.212
288.470
290.537
292.514
294.595
296.385
298.179
299.678
300.779
301.581
302.283
303.188
303.992
304.396
304.698
305.101
305.403
305.706
306.211
307.020
308.032
309.248
310.568
311.891
313.420
315.157
316.795
318.233
319.879
321.321
322.147
322.871
323.698
323.802
323.595
323.491
323.284
323.284
323.181
322.974
322.974
323.077
323.077
322.974
322.974
323.181
323.595
324.112
324.734
325.356
325.771
326.187
326.602
326.706
326.602
326.291
325.564
324.734
323.595
322.251
320.909
319.364
317.617
315.874
314.033
311.993
309.959
308.032
305.909
303.792
301.682
299.478
297.680
295.987
294.496
293.504
292.514
291.525
290.537
289.355
288.371
287.584
286.505
285.330
284.254
283.278
282.304
281.233
280.262
279.292
278.323
277.357
276.391
275.524
274.657
273.696
272.545
271.300
269.868
268.153
266.348
264.171
261.625
258.997
256.195
253.221
250.355
247.597
245.034
242.576
240.219
238.142
236.164
234.194
232.409
230.808
229.302
227.711
226.126
224.808
223.407
222.097
220.966
219.836
218.796
218.017
217.412
217.067
216.809
216.636
216.636
216.722
217.153
217.412
217.671
218.363
219.316
220.618
222.272
223.757
225.247
226.830
228.506
230.454
232.498
234.641
236.973
239.405
241.940
244.305
246.223
248.056
249.987
251.555
252.664
253.777
254.612
255.356
256.008
256.380
256.846
257.593
258.903
260.873
263.604
267.203
271.111
275.429
280.069
284.353
288.175
291.723
295.291
298.579
301.481
304.195
306.919
309.655
312.095
314.442
316.488
318.130
319.879
321.631
322.974
324.009
325.253
326.499
327.538
328.684
329.831
330.980
332.236
333.284
334.123
335.384
336.752
337.595
338.333
339.072
339.389
339.812
340.235
340.553
341.082
341.188
341.294
341.612
341.718
341.612
341.294
340.764
340.341
340.130
339.812
339.389
338.966
338.861
338.966
338.966
339.072
339.495
340.024
340.659
341.082
341.506
342.036
342.566
343.416
344.266
344.904
345.330
345.863
346.503
347.250
348.104
348.425
348.639
349.173
349.387
349.387
349.173
348.959
348.853
348.318
347.463
346.503
345.437
344.373
343.310
342.142
340.871
339.812
338.861
337.595
336.541
335.594
334.648
333.598
332.236
331.189
330.249
329.101
328.163
327.122
325.875
324.942
323.906
322.871
321.941
320.806
319.672
318.643
317.719
316.795
315.975
315.054
314.134
313.419
312.502
311.585
310.670
309.857
309.045
308.133
307.222
306.413
305.908
305.202
304.194
303.389
302.585
301.581
300.679
299.578
298.478
297.480
296.384
295.588
294.794
293.999
293.405
292.811
292.118
291.623
291.031
290.439
290.044
289.354
288.863
288.567
288.075
287.682
287.192
286.898
286.701
286.309
286.211
285.917
285.623
285.525
285.623
285.721
285.623
285.623
285.623
285.721
285.623
285.330
285.330
285.330
285.036
285.036
285.232
285.134
285.036
285.134
285.232
285.330
285.427
285.330
284.743
283.766
282.791
281.428
279.583
277.357
274.562
271.206
267.773
264.077
259.935
255.823
251.926
248.331
245.126
242.031
239.044
236.434
234.104
231.875
229.745
227.888
226.126
224.546
223.058
221.749
220.531
219.316
218.363
217.499
216.636
215.861
215.259
214.744
214.229
213.801
213.459
213.117
212.774
212.433
212.091
211.580
210.983
210.643
210.303
209.794
209.200
208.776
208.438
207.930
207.423
206.917
206.412
205.822
205.150
204.479
203.809
203.139
202.388
201.721
201.138
200.390
199.726
199.146
198.484
197.823
197.164
196.505
196.012
195.601
195.273
195.027
194.945
195.027
195.355
195.929
196.587
197.411
198.236
199.312
200.640
202.055
203.642
205.319
207.087
208.947
210.900
212.946
215.002
216.895
218.796
220.618
222.272
223.757
224.896
225.950
227.006
227.976
228.859
229.655
230.187
230.897
231.786
232.676
233.747
235.089
236.793
238.774
240.852
242.939
245.126
247.321
249.342
251.186
252.943
254.334
255.636
256.660
257.407
258.248
258.902
259.840
261.060
262.567
264.643
267.393
270.632
273.985
277.938
282.012
285.820
289.552
293.109
296.485
299.478
302.083
304.698
307.222
309.350
311.382
313.216
314.850
316.488
318.130
319.672
321.218
322.457
323.802
325.564
327.122
328.371
329.936
331.922
333.598
335.279
336.963
338.439
339.707
341.401
343.097
344.266
345.650
347.250
348.639
349.709
350.995
352.390
353.357
354.650
355.943
356.699
357.888
358.862
359.512
360.162
360.813
361.356
361.573
362.008
362.551
363.096
363.967
365.275
366.805
368.117
369.651
371.298
372.838
374.380
375.373
376.367
377.695
378.691
379.356
379.800
380.133
380.244
379.911
379.689
379.689
379.689
379.467
379.467
379.689
379.911
380.244
380.355
380.022
379.800
379.578
378.913
378.137
377.252
376.478
375.814
375.373
375.152
374.601
373.939
373.278
372.507
371.627
370.748
369.870
368.993
368.117
366.914
365.712
364.512
363.422
362.334
360.922
359.728
358.429
357.023
355.728
354.111
352.605
351.424
350.137
349.066
348.211
347.036
345.863
344.905
344.054
343.097
342.354
341.612
340.870
340.235
339.601
339.178
338.333
337.595
337.384
336.962
336.330
335.594
334.753
334.018
333.179
332.026
330.876
329.831
328.476
327.122
325.979
324.631
323.284
322.457
321.837
320.806
319.569
318.233
316.591
314.748
312.808
310.670
308.437
306.212
304.094
302.083
300.178
298.478
296.882
295.291
293.505
291.723
289.749
287.487
285.037
281.915
278.421
274.563
270.251
265.591
260.686
255.823
251.094
246.498
242.213
238.233
234.285
230.544
227.183
224.108
221.227
218.623
216.378
214.316
212.263
210.389
208.777
207.256
205.907
204.815
203.892
203.056
202.304
201.638
200.971
200.307
199.643
199.063
198.402
197.823
197.246
196.423
195.765
195.191
194.535
193.962
193.391
192.820
192.331
191.761
191.192
190.624
189.977
189.410
188.845
188.442
188.039
187.555
187.154
186.672
186.190
185.710
185.310
184.910
184.590
184.271
184.032
183.873
183.714
183.634
183.634
183.873
184.191
184.590
185.150
185.790
186.592
187.395
188.119
188.845
189.653
190.544
191.355
192.168
192.901
193.554
194.372
195.355
196.176
196.999
197.989
198.898
199.809
200.889
202.222
203.558
205.067
206.749
208.438
210.389
212.434
214.488
216.551
218.536
220.705
222.796
224.721
226.918
229.124
231.431
233.748
236.344
239.135
241.668
244.214
246.772
249.250
251.371
253.221
254.798
256.008
256.940
257.874
258.996
260.121
261.436
263.321
265.779
268.439
271.397
274.851
278.228
281.428
284.744
287.684
290.440
293.009
295.191
297.481
299.678
301.481
303.188
305.102
306.919
308.538
310.365
312.094
313.624
315.157
316.693
318.335
320.188
322.044
323.595
325.149
327.019
328.788
330.563
332.236
333.808
335.384
336.857
338.439
339.918
341.612
343.523
345.971
348.639
351.854
355.728
359.513
363.750
368.118
372.289
376.147
379.579
382.690
385.477
388.049
390.179
391.414
392.201
392.876
393.101
393.101
393.101
393.327
393.665
393.777
393.552
393.665
393.890
394.228
395.130
395.694
396.034
396.260
396.147
395.582
395.130
394.567
393.327
392.089
390.740
389.281
387.713
386.147
384.362
381.912
379.690
377.695
375.594
373.829
372.177
370.639
369.213
367.679
366.367
365.275
364.294
363.422
362.660
362.008
361.791
362.116
363.096
364.294
365.057
365.712
365.930
365.057
363.422
362.008
360.922
360.270
360.053
360.705
362.335
363.749
364.730
365.275
365.057
363.967
362.117
360.271
359.295
359.295
360.054
361.574
363.531
365.493
367.351
368.994
370.200
371.298
372.177
372.617
373.057
373.277
373.277
372.947
372.397
372.067
371.847
371.517
371.078
370.858
370.529
370.309
370.419
370.748
371.957
373.719
375.815
378.027
379.801
380.799
381.022
380.134
378.138
375.374
371.958
368.228
364.295
360.597
357.564
354.758
352.283
350.352
349.066
348.425
347.677
346.929
346.609
346.290
345.757
345.224
344.373
343.416
342.354
340.871
339.284
337.595
335.489
333.284
331.294
329.310
327.434
325.564
323.906
322.354
320.702
319.260
317.924
316.488
315.157
314.032
313.012
312.196
311.280
310.568
309.958
309.248
308.538
307.930
307.626
307.222
306.615
306.009
305.303
304.496
303.590
302.585
301.481
300.078
298.778
297.481
296.086
294.794
293.405
292.019
290.735
289.453
288.174
287.094
285.918
284.743
283.766
282.791
281.720
280.650
279.486
278.614
278.323
278.129
278.129
278.420
278.904
279.680
280.650
281.622
282.498
283.083
283.766
284.547
285.232
285.819
286.309
286.996
287.781
288.567
289.354
290.143
291.130
292.118
293.207
294.496
295.589
296.882
298.178
299.277
300.679
302.083
303.490
305.000
306.514
308.032
309.451
310.873
312.400
313.828
315.259
316.795
318.130
319.466
320.806
322.044
323.492
325.045
326.291
327.434
328.893
330.353
331.608
332.759
334.123
335.804
337.173
338.651
340.235
341.400
342.567
343.628
344.799
345.970
346.823
347.890
348.853
350.030
351.531
352.498
353.358
354.650
356.051
357.023
358.105
359.729
361.248
362.334
363.531
364.730
365.930
367.351
368.226
369.103
370.419
371.847
373.168
374.049
374.931
375.704
376.588
377.473
378.248
379.579
380.688
381.800
383.024
384.026
385.365
387.042
388.946
390.628
392.201
394.116
396.147
398.183
400.336
402.381
404.202
405.912
407.854
409.915
411.636
413.244
414.855
416.469
417.970
419.473
420.747
421.674
422.486
422.950
423.531
424.461
425.043
425.392
425.741
425.392
425.159
424.926
423.996
422.719
421.442
420.284
418.895
417.623
416.469
415.086
413.359
411.865
410.603
409.342
408.197
407.282
406.597
405.912
405.227
404.771
404.771
404.657
404.657
404.885
405.227
405.798
406.482
407.397
408.312
408.998
409.456
409.800
409.915
410.029
410.259
410.259
410.029
409.228
408.312
407.625
406.825
406.140
405.570
404.885
403.974
403.404
403.063
402.835
402.835
403.063
403.177
403.518
404.087
404.201
404.201
404.201
404.087
403.860
403.518
402.835
401.812
401.017
400.109
398.748
397.390
396.034
394.792
393.552
392.314
390.965
389.842
388.833
387.489
386.371
385.700
385.142
384.138
383.135
382.356
381.466
380.244
379.135
378.248
377.031
375.704
374.490
373.168
372.067
370.749
369.432
368.336
367.023
366.039
364.839
363.531
362.552
361.682
360.813
359.729
358.754
357.780
356.375
354.973
353.681
352.390
350.673
348.746
346.717
344.692
342.673
340.553
338.334
335.805
333.179
330.667
328.268
325.772
323.285
320.909
318.541
316.386
314.441
312.299
310.365
308.640
306.817
305.404
304.295
303.087
301.982
300.979
300.077
299.377
298.878
298.478
298.278
298.378
298.977
299.877
300.578
301.280
301.982
302.685
303.489
304.295
305.000
305.303
305.101
304.295
302.987
300.880
297.581
293.604
289.749
286.604
284.939
285.232
286.996
289.749
293.109
296.485
299.478
301.481
302.283
302.384
301.681
300.478
299.178
297.780
296.484
295.489
294.992
294.893
295.191
295.688
296.285
297.581
299.278
300.979
302.886
304.900
306.919
309.147
311.382
313.114
314.748
316.386
317.719
318.849
320.084
321.115
322.044
323.077
323.905
324.423
324.942
325.460
325.564
325.564
325.564
325.460
325.253
325.460
325.875
326.187
326.706
327.538
328.475
329.518
330.771
331.922
333.074
334.333
335.489
336.752
337.911
338.861
340.024
340.870
341.718
342.566
343.097
343.735
344.585
345.437
346.076
346.823
347.784
348.425
348.959
349.816
350.780
351.531
352.390
353.250
354.003
354.973
355.835
356.483
357.023
357.780
358.754
359.620
360.488
361.465
362.661
364.076
365.057
366.149
367.351
368.117
368.884
369.651
369.980
370.200
370.638
371.078
371.847
373.168
374.821
376.478
378.138
379.801
381.244
383.135
385.142
387.042
389.506
392.202
395.018
397.957
400.904
403.860
406.940
410.030
413.014
416.124
419.127
421.791
424.113
426.324
428.540
430.527
432.518
434.512
436.039
437.805
439.337
440.045
440.754
441.226
441.462
441.226
440.636
440.163
439.455
438.158
436.980
435.686
433.924
432.049
429.826
427.607
425.509
423.184
420.863
419.011
416.931
414.855
413.359
411.865
410.259
408.655
406.940
405.455
404.429
403.404
402.267
401.130
400.109
399.202
398.522
398.295
398.295
398.295
398.522
398.862
398.862
398.862
398.862
398.748
398.522
398.295
398.182
397.955
397.955
398.069
397.729
397.956
398.635
398.975
399.315
399.768
400.108
400.562
401.130
401.471
402.153
403.063
403.632
403.746
403.746
403.632
403.290
403.177
402.835
401.925
401.244
400.449
399.428
398.522
397.503
396.260
394.905
393.552
392.314
391.414
390.628
390.067
389.506
388.609
387.713
386.929
386.147
385.365
384.584
383.803
383.024
382.244
381.355
380.355
379.467
378.581
377.584
376.367
375.152
374.159
373.278
371.957
370.638
369.541
368.117
366.695
365.493
364.076
362.443
361.030
359.837
358.537
357.131
355.620
354.111
352.605
350.888
349.281
347.571
345.970
344.479
342.461
340.130
337.806
335.384
332.970
330.563
328.060
325.565
323.078
320.703
318.336
316.181
314.237
312.197
310.264
308.437
306.615
304.899
303.289
301.682
300.378
299.377
298.378
297.480
296.683
296.086
295.489
294.794
294.297
293.801
293.306
292.811
292.217
291.920
291.722
291.524
291.228
290.834
290.636
290.537
290.636
290.932
291.426
292.118
293.108
293.900
294.396
295.191
296.185
297.081
297.879
298.778
299.978
301.079
302.183
303.490
304.597
305.707
306.615
307.121
307.626
308.031
308.031
307.829
307.829
307.829
307.829
308.133
308.538
309.146
309.857
310.670
311.483
312.400
313.419
314.441
315.361
315.975
316.488
316.795
317.103
317.513
318.027
318.746
319.569
320.393
321.735
323.388
325.253
327.435
329.414
331.608
334.228
336.963
339.390
341.825
344.373
346.930
349.495
351.747
354.004
356.268
358.429
360.380
362.552
364.621
366.258
367.789
369.213
370.749
372.067
373.388
375.153
377.363
379.579
381.689
384.027
386.707
389.618
392.764
395.922
398.976
402.267
405.570
408.999
412.555
416.124
419.590
422.951
426.208
429.241
432.166
434.982
437.687
440.282
442.764
445.015
447.390
449.650
451.319
452.870
454.664
456.580
458.620
460.783
462.348
463.553
465.122
466.814
468.145
469.599
470.933
472.148
473.729
474.946
475.677
476.409
477.263
478.117
478.973
479.461
479.584
479.584
479.217
478.850
478.484
477.751
476.653
475.312
473.850
472.391
470.691
468.630
466.452
464.036
461.264
458.020
454.903
451.916
449.293
446.914
444.067
441.109
438.394
436.039
433.690
431.229
428.657
426.673
424.927
422.835
421.095
419.473
418.086
416.931
415.777
414.740
414.164
413.704
413.129
412.439
411.635
410.717
409.457
407.968
406.255
404.430
402.608
400.677
398.635
396.599
394.679
393.214
391.864
390.403
388.945
387.489
386.036
384.250
382.467
380.689
378.691
376.588
374.601
372.948
371.298
369.870
368.665
367.460
366.695
366.258
365.930
366.039
366.258
366.585
367.023
367.460
368.007
368.664
369.432
370.090
370.858
371.627
372.067
372.397
372.507
372.507
372.617
372.507
372.067
371.517
370.858
369.870
369.102
368.336
367.460
366.804
366.039
365.057
364.184
363.422
362.226
360.488
358.646
356.483
354.112
351.961
349.709
347.464
345.331
343.522
341.824
340.341
339.178
338.017
337.067
335.909
334.438
333.284
331.608
329.205
327.019
324.631
322.148
319.776
317.309
314.850
312.502
310.264
308.134
306.111
304.195
302.384
300.779
299.278
297.780
296.484
295.290
294.099
293.108
292.217
291.130
290.044
288.961
287.879
286.799
285.624
284.450
283.278
281.817
280.262
279.098
277.937
276.584
275.042
273.888
273.025
271.875
271.013
270.249
269.391
268.819
268.342
267.962
267.677
267.487
267.392
267.107
266.917
266.917
266.822
266.631
266.536
266.536
266.347
266.063
265.873
265.779
265.684
265.400
265.210
265.400
265.589
265.494
265.494
265.494
265.589
265.589
265.589
265.779
265.684
265.684
265.684
265.589
265.494
265.305
265.494
265.589
265.779
266.442
267.012
267.867
269.486
271.683
274.178
277.068
280.166
283.377
286.702
290.045
293.405
296.883
300.279
303.893
307.425
310.874
314.544
317.822
320.909
323.906
326.395
328.685
330.667
332.655
334.648
335.909
336.962
338.122
339.389
340.341
341.082
341.930
342.885
343.841
345.011
346.396
347.784
349.067
350.781
352.820
354.326
355.836
357.564
359.295
360.813
362.444
363.967
365.384
366.914
368.665
370.969
373.499
375.815
378.249
380.689
383.024
385.477
387.825
390.404
392.990
395.583
398.523
401.357
404.202
407.169
409.801
412.210
414.510
416.123
417.046
418.086
418.547
417.970
417.277
417.046
416.469
415.892
415.086
413.704
412.554
411.635
410.603
409.228
408.083
407.282
406.026
404.543
403.290
401.926
400.563
399.088
397.390
395.582
393.665
391.864
390.179
388.385
386.371
384.139
381.912
379.690
377.142
374.711
372.508
370.310
368.227
366.040
363.858
361.900
359.729
357.780
356.160
354.542
352.928
351.424
350.244
348.960
347.784
346.716
345.650
344.904
344.479
343.841
343.309
342.991
342.354
341.824
341.506
341.188
340.976
340.764
340.235
339.918
340.130
340.130
340.024
339.918
339.707
339.495
339.072
338.438
337.806
337.173
336.857
336.646
336.540
336.751
337.278
338.122
339.178
340.341
341.612
342.991
344.586
346.503
348.211
349.602
350.566
351.531
353.035
354.542
355.944
357.456
358.537
359.620
360.813
361.573
362.552
363.640
364.184
364.511
365.057
365.275
365.166
365.384
365.493
365.166
364.948
364.839
364.729
364.620
364.620
364.729
364.402
364.184
364.621
365.166
365.493
365.712
365.821
365.384
365.057
364.730
363.749
362.660
361.248
359.620
357.780
355.728
353.789
351.639
349.388
347.251
345.437
343.735
342.248
340.871
339.601
338.755
338.333
337.806
337.278
336.962
336.330
335.804
335.068
334.437
334.123
333.598
332.969
332.549
332.444
332.340
332.340
332.654
333.179
333.493
333.703
334.123
334.228
334.228
334.332
334.228
334.018
334.228
334.542
334.858
335.384
335.909
336.541
337.067
337.489
338.122
338.861
339.389
339.812
340.130
340.024
339.707
339.284
338.861
338.438
337.911
337.489
337.278
336.857
336.330
336.225
336.015
335.489
334.858
334.228
333.493
332.550
331.294
330.144
329.205
327.955
326.603
325.149
323.802
322.767
321.734
320.702
320.187
320.187
320.084
320.084
320.290
320.599
321.115
321.424
321.631
322.354
323.077
323.388
323.802
324.423
325.253
326.291
327.538
329.101
330.667
332.341
333.913
335.278
337.068
338.861
340.553
342.248
343.841
345.224
346.930
348.960
350.673
352.283
353.788
354.973
356.051
357.131
358.104
359.295
360.596
361.791
363.205
365.057
366.695
368.227
369.870
371.738
373.829
376.257
378.802
381.244
383.693
385.924
387.825
389.281
390.628
391.414
391.751
392.201
392.989
393.777
394.454
395.243
396.260
397.503
398.975
400.676
401.925
403.290
404.885
406.140
407.282
408.426
410.144
411.750
412.784
414.280
416.008
417.392
418.664
419.936
420.747
421.674
422.718
423.299
424.113
424.810
425.043
425.043
424.810
424.810
425.043
425.043
425.043
425.275
425.392
425.625
425.625
425.625
425.741
425.508
425.392
425.043
424.461
424.229
424.113
423.648
423.415
423.067
422.718
422.602
422.254
421.674
421.094
420.284
419.126
418.201
417.046
415.662
414.394
413.014
411.291
409.571
407.968
406.369
404.316
402.267
400.790
398.975
396.825
394.792
392.877
391.302
390.179
388.833
387.489
386.482
385.365
384.027
382.356
380.356
378.138
375.815
373.609
371.298
368.775
366.368
364.403
362.552
360.597
358.646
356.699
355.081
353.681
352.176
350.673
349.281
347.997
346.823
345.331
344.054
343.097
342.142
341.612
341.294
340.764
340.341
340.553
340.976
341.082
341.824
342.991
344.054
345.331
346.503
347.677
348.853
349.923
350.995
352.175
353.465
354.434
355.296
356.267
357.456
358.754
360.054
361.791
363.749
366.477
369.432
372.068
374.711
377.474
380.467
383.358
386.148
388.946
391.527
393.891
396.147
397.956
399.655
401.130
402.153
402.949
403.290
403.177
403.177
402.949
401.926
400.676
399.315
397.730
396.147
394.454
392.539
390.853
389.394
387.825
386.036
384.027
382.245
380.799
379.467
378.359
377.252
376.257
375.483
374.490
373.498
372.947
372.617
372.177
371.847
371.627
371.517
371.407
371.078
370.748
370.529
370.090
369.212
368.336
367.460
366.258
364.730
362.878
361.248
359.729
357.888
356.159
354.542
352.713
350.781
349.174
347.571
345.757
344.054
342.461
340.977
339.390
337.595
335.804
334.123
332.341
330.876
329.518
328.163
327.122
326.187
325.564
325.045
324.734
324.630
324.527
324.319
324.112
324.008
323.698
323.284
322.560
321.527
320.290
318.849
317.206
315.259
313.012
310.467
307.425
304.094
300.580
296.884
293.703
291.032
289.158
288.076
287.781
288.272
288.961
289.551
290.044
290.537
290.735
290.537
290.241
290.044
290.044
290.340
291.130
292.415
293.802
295.191
297.182
299.478
301.682
303.893
306.212
308.437
310.568
312.910
315.157
317.514
319.879
322.251
324.839
327.435
330.145
333.180
336.015
338.968
342.143
345.331
348.746
352.499
356.484
360.163
363.205
366.040
368.775
371.518
374.160
376.146
377.806
379.135
380.022
380.799
381.911
382.912
383.692
384.584
385.365
386.259
387.265
388.161
388.945
389.393
389.393
389.169
389.281
389.393
389.393
389.393
389.281
389.169
389.393
389.954
390.291
390.740
391.077
391.189
390.965
390.628
390.403
389.954
389.393
388.721
388.049
387.042
386.259
385.589
384.473
383.692
383.024
382.467
382.022
381.688
381.688
381.799
381.799
381.688
381.799
381.910
381.910
381.688
381.688
381.688
381.466
381.244
380.688
380.133
379.911
379.578
378.913
378.470
377.916
377.031
376.146
375.263
374.380
373.718
373.278
372.947
372.727
372.617
372.837
373.057
373.278
373.608
373.829
373.718
373.718
373.608
373.057
372.507
371.188
369.761
368.555
367.132
365.712
364.512
363.749
362.987
362.117
360.922
360.053
359.512
358.429
357.563
356.915
356.267
355.835
354.973
354.111
353.465
352.498
351.424
350.459
349.388
348.211
346.930
345.650
344.266
342.673
341.294
339.707
338.017
336.436
335.068
333.598
331.817
330.249
328.892
327.434
325.979
324.631
323.284
321.941
320.599
319.055
317.514
316.283
314.952
313.624
312.400
311.076
309.654
308.538
307.425
306.110
304.698
303.087
301.581
299.978
298.279
296.783
295.191
293.603
292.217
291.031
289.749
288.469
287.388
286.309
285.330
284.645
284.059
283.376
282.986
282.888
282.791
282.693
282.986
283.376
283.668
284.156
284.743
285.330
285.917
286.407
286.799
287.094
287.094
286.701
286.309
286.113
285.819
285.427
285.036
284.743
284.352
283.863
283.473
282.888
282.109
281.330
280.747
280.261
279.776
279.389
279.195
279.195
279.001
278.808
278.808
278.517
277.743
276.970
276.102
274.946
273.697
272.354
271.109
269.772
268.343
267.392
266.632
265.968
265.684
265.305
265.021
264.831
264.642
264.737
264.737
264.831
265.116
265.210
265.400
265.873
266.252
266.537
266.822
267.202
267.487
267.582
267.677
267.677
267.962
268.247
268.247
268.533
269.105
269.963
271.396
273.025
275.139
277.647
280.069
282.596
285.036
287.389
289.454
290.932
292.118
293.207
294.297
295.290
295.986
296.484
296.783
296.982
297.281
297.579
297.979
298.278
298.478
298.778
299.177
299.877
300.879
301.781
302.685
304.094
305.808
307.526
309.350
311.484
313.829
316.284
318.541
320.703
322.974
325.253
327.539
330.041
332.551
334.964
337.490
339.707
341.824
344.266
347.037
349.710
352.499
355.405
358.105
360.380
362.444
364.731
366.914
369.432
372.068
374.380
376.257
378.138
380.356
382.245
383.581
385.142
386.930
387.937
388.609
389.057
389.281
389.393
389.169
388.833
388.161
387.265
386.482
385.589
384.250
382.801
381.244
379.468
377.806
376.146
374.711
373.168
371.518
370.309
368.994
367.679
366.258
364.730
363.313
362.008
360.813
359.295
357.456
355.943
354.434
352.713
351.317
350.030
348.959
347.784
346.503
345.331
344.054
342.991
341.824
340.659
339.707
338.544
337.384
336.541
335.384
334.123
333.074
331.922
330.980
330.353
329.727
328.892
328.267
327.850
327.538
327.226
326.706
325.979
325.253
324.527
323.595
322.560
321.631
320.599
319.466
318.643
317.924
317.411
317.308
317.206
317.308
317.308
317.411
318.027
318.643
319.055
319.569
320.187
321.012
322.147
322.664
322.767
323.284
323.905
324.008
324.112
324.527
324.734
324.838
325.253
326.187
327.434
328.788
330.563
332.655
334.754
337.174
340.024
342.992
346.077
349.388
352.713
356.052
359.512
363.206
367.133
371.189
375.705
380.579
385.590
390.292
394.681
399.090
403.292
407.627
411.866
415.432
418.664
421.443
423.532
425.276
426.557
427.256
427.839
428.423
428.540
428.540
428.890
428.890
428.890
428.890
428.423
428.073
427.956
427.956
427.956
427.722
427.606
427.722
427.956
428.540
429.240
429.942
430.877
431.580
432.283
433.221
433.807
434.747
435.922
436.980
438.394
439.573
441.345
443.949
446.321
448.817
451.439
453.947
456.700
459.701
462.227
464.277
465.726
465.726
464.639
463.432
462.348
462.107
462.829
464.035
465.605
467.540
470.449
473.729
476.775
479.951
482.523
484.608
486.574
488.051
489.160
489.653
489.776
489.776
489.407
488.914
488.051
486.574
485.099
483.749
482.155
480.440
478.728
477.263
476.287
475.799
476.531
477.873
479.462
481.664
483.381
483.871
483.258
481.664
479.095
475.434
471.298
467.420
463.554
460.182
457.419
455.262
453.468
452.512
452.154
452.034
452.751
453.348
453.707
454.065
454.305
454.305
453.946
453.467
452.990
452.632
452.154
451.915
451.915
451.438
450.961
450.603
450.246
450.007
449.769
449.650
449.411
448.816
448.459
448.340
447.984
447.508
446.795
446.557
446.676
446.438
446.082
445.964
446.082
445.964
445.608
445.133
444.777
444.777
444.540
444.184
443.947
443.237
442.882
442.290
441.581
441.462
440.754
439.927
439.219
438.158
437.333
436.627
435.686
434.629
433.924
433.572
433.103
432.986
432.986
433.221
433.572
433.572
433.690
433.690
433.572
433.572
432.986
432.634
432.869
433.103
433.103
432.751
432.869
433.338
433.924
434.394
434.628
435.334
436.274
436.392
436.627
437.215
437.451
437.451
437.215
436.745
436.039
434.864
432.986
431.346
429.475
426.557
423.648
420.863
417.971
414.626
411.521
408.770
405.114
401.245
397.504
393.553
389.507
385.478
381.467
377.364
373.499
370.200
367.133
363.859
360.597
357.564
354.650
352.069
349.388
346.717
344.480
342.143
339.707
337.384
334.964
332.237
329.623
327.539
325.668
323.699
321.528
319.467
317.924
316.386
314.952
313.624
312.298
311.178
310.060
309.349
308.741
308.133
307.727
307.424
307.121
306.716
306.110
305.202
304.396
303.389
302.083
300.578
298.578
296.385
294.298
292.415
290.735
289.256
288.272
287.683
287.584
287.977
288.961
290.340
291.921
293.603
295.191
296.683
297.879
298.878
299.477
299.877
300.578
301.280
301.781
302.685
303.993
305.202
306.716
308.538
310.060
311.789
313.420
314.441
315.259
316.591
318.335
320.188
322.355
324.735
327.227
329.623
332.027
334.228
336.436
338.333
339.812
341.188
342.461
343.628
344.479
345.224
345.863
346.183
346.290
346.076
345.437
345.011
344.373
343.522
342.991
342.460
342.036
341.718
341.188
340.870
340.658
340.447
340.341
340.130
339.812
339.284
338.966
338.544
337.911
337.489
337.067
336.541
335.909
335.384
334.648
334.018
333.808
333.388
333.074
332.969
332.759
332.549
332.444
332.235
332.131
332.131
331.922
331.712
331.712
331.608
331.608
331.817
331.817
331.712
331.294
330.980
330.980
330.771
330.249
329.518
328.580
327.954
327.226
326.187
325.045
323.698
322.767
321.837
320.599
319.466
318.233
316.693
314.952
313.012
310.873
308.538
306.313
303.893
301.581
299.778
297.980
296.384
294.992
293.801
292.613
291.327
290.537
289.552
288.272
287.192
285.820
284.547
283.473
282.109
280.747
279.486
278.034
276.296
274.754
273.121
271.109
269.391
267.867
266.158
264.360
262.472
260.591
258.810
257.313
256.287
255.542
255.169
255.356
256.101
257.314
258.903
260.685
262.189
263.415
264.738
265.684
266.158
266.442
266.727
267.107
267.487
268.057
269.009
270.250
271.587
273.025
274.369
275.524
276.681
277.743
278.517
279.195
279.776
279.970
280.067
280.164
280.164
280.261
280.942
282.304
284.157
286.702
289.749
293.010
296.585
299.778
302.787
305.909
308.235
309.959
311.688
313.216
314.441
315.463
316.385
317.206
318.027
318.746
319.055
318.952
318.643
318.027
317.001
315.771
314.135
312.298
310.467
308.640
306.716
305.101
303.892
302.685
301.581
300.578
299.378
298.478
297.879
297.081
296.185
295.290
294.496
293.603
292.217
290.537
288.666
286.212
283.767
281.331
278.711
276.199
273.889
271.971
270.441
269.105
268.057
267.297
266.727
266.347
265.968
265.684
265.494
265.210
264.926
264.737
264.642
264.548
264.453
264.359
264.453
264.642
264.737
264.831
265.116
265.494
265.400
265.021
264.642
264.264
263.603
262.848
262.283
261.718
261.248
260.966
260.496
259.840
259.183
258.341
257.407
256.474
255.635
254.798
253.869
252.942
252.109
251.370
250.539
249.618
248.698
247.871
247.138
246.313
245.673
245.217
244.669
244.213
243.848
243.757
243.757
243.666
243.666
244.122
244.760
245.399
246.222
247.321
248.514
249.710
251.000
252.109
253.035
253.869
254.426
254.984
255.728
256.194
256.660
257.220
257.780
258.341
259.184
260.309
261.530
262.849
264.265
265.589
266.822
268.057
269.105
269.963
270.727
271.492
272.066
272.545
273.025
273.408
273.600
273.504
273.216
272.641
271.683
270.727
269.772
268.723
267.582
266.063
264.548
263.320
262.189
260.873
259.371
257.874
256.287
254.798
253.221
251.371
249.618
248.055
246.406
244.943
243.576
241.849
240.128
238.233
235.985
233.747
231.520
229.214
226.918
224.458
222.185
220.010
217.845
215.862
213.973
212.348
210.644
209.116
207.846
206.580
205.319
203.977
202.639
201.305
199.892
198.402
196.835
195.192
193.636
192.006
190.301
188.603
186.913
185.230
183.634
182.045
180.462
179.123
177.788
176.536
175.444
174.510
173.890
173.502
173.424
173.734
174.278
175.055
176.380
178.024
179.753
181.808
184.033
186.352
188.765
190.950
192.984
195.027
196.835
198.402
199.892
201.471
203.056
204.899
207.087
209.455
212.263
215.346
218.451
221.576
224.546
227.447
230.099
232.410
234.462
236.433
238.323
239.856
241.395
242.848
243.940
244.851
245.673
246.221
246.496
246.679
246.679
246.405
245.947
245.490
244.943
244.395
244.030
243.484
243.029
242.665
242.302
242.211
242.211
242.484
243.120
244.031
245.125
246.589
248.423
250.447
252.479
254.519
256.474
258.061
259.371
260.309
260.684
260.496
260.309
260.215
260.027
259.558
258.902
258.435
257.687
256.567
255.542
254.705
253.869
253.035
252.387
251.739
251.185
250.539
249.802
249.157
248.698
248.698
248.882
249.249
249.894
250.724
251.369
251.739
252.202
252.572
252.757
253.035
253.405
253.683
253.869
254.055
254.148
254.241
254.148
253.683
253.220
252.757
252.387
252.202
251.924
251.831
251.831
251.462
250.816
249.894
248.606
247.138
245.400
243.576
241.668
239.585
237.602
235.626
233.569
231.520
229.833
228.153
226.566
225.335
224.195
223.145
222.185
221.487
220.965
220.617
220.530
220.444
220.530
220.878
221.226
221.749
222.359
222.970
223.495
224.107
224.720
225.335
226.125
226.829
227.446
228.064
228.682
229.124
229.390
229.567
229.744
229.921
230.009
229.921
229.832
229.921
229.921
229.832
229.921
229.921
229.655
229.390
229.036
228.682
228.328
227.975
227.799
227.711
227.622
227.534
227.711
227.975
228.328
228.771
229.301
230.099
230.897
231.697
232.498
233.390
234.372
235.267
236.254
237.242
238.142
238.953
239.766
240.670
242.122
243.849
245.491
247.597
249.987
252.387
254.891
257.407
259.746
262.095
264.170
265.874
267.392
268.819
269.867
270.440
271.205
271.874
272.257
272.641
272.929
273.216
273.504
273.888
274.657
276.103
277.937
279.971
282.402
284.939
287.585
290.242
292.415
294.298
296.086
297.480
298.678
299.577
300.077
300.077
299.777
299.377
298.578
297.381
295.490
293.009
290.143
286.703
282.500
277.745
272.643
267.299
261.815
256.475
251.557
246.865
242.304
237.963
233.660
229.480
225.512
221.402
217.327
213.290
209.202
205.236
201.223
197.165
193.474
189.978
186.673
183.715
180.859
178.181
175.756
173.580
171.649
169.881
168.428
167.133
165.993
165.236
164.406
163.502
162.825
162.150
161.402
160.581
159.910
159.390
158.722
158.130
157.686
157.391
157.243
157.243
157.539
158.130
159.316
161.328
163.954
167.286
171.034
174.823
178.810
182.522
185.711
188.685
191.275
193.391
195.109
196.505
197.659
198.484
199.146
199.726
200.224
200.556
200.556
200.473
200.307
200.058
199.726
199.229
198.815
198.402
197.906
197.576
197.410
197.410
197.658
198.154
198.898
199.809
201.055
202.639
204.480
206.749
209.286
212.007
214.831
217.586
220.358
222.971
225.511
227.976
230.099
232.054
234.105
236.254
238.413
240.581
242.848
245.217
247.413
249.618
251.463
252.850
253.962
254.612
254.984
254.705
254.334
254.055
253.498
253.127
253.035
253.406
254.148
255.170
256.754
258.435
260.215
262.001
263.603
265.021
266.443
267.677
268.533
269.200
269.772
270.344
270.440
270.153
269.581
268.819
267.867
266.443
264.549
262.661
260.591
258.435
256.195
253.777
251.463
249.066
246.680
244.396
242.394
240.400
238.413
236.613
234.910
233.301
231.786
230.099
228.506
227.182
225.686
224.108
222.621
221.227
219.576
217.672
215.948
214.316
212.519
210.729
208.862
206.834
204.983
203.223
201.305
199.478
197.659
195.684
193.800
192.006
190.301
188.684
187.154
185.870
184.830
183.873
183.236
182.918
182.838
183.156
183.793
184.831
186.271
187.959
189.815
192.006
194.291
196.506
198.568
200.557
202.472
203.977
205.319
206.496
207.424
208.269
209.031
209.709
210.303
210.899
211.580
212.006
212.347
212.774
213.117
213.373
213.630
213.886
213.972
214.058
214.143
214.058
213.801
213.373
213.031
212.604
212.091
211.665
211.239
210.983
211.069
211.324
211.665
212.348
213.202
214.316
215.604
216.981
218.536
220.096
221.749
223.670
226.126
228.948
232.232
235.986
239.949
243.941
247.781
251.370
254.520
257.314
259.746
261.718
263.320
264.738
265.684
266.442
267.107
267.487
267.867
268.247
268.342
268.437
268.532
268.532
268.914
269.677
270.631
271.875
273.505
275.331
277.260
279.001
280.553
282.012
282.986
283.473
283.181
282.109
280.650
278.227
274.659
270.728
266.728
262.285
257.595
253.129
248.792
244.670
241.034
237.513
234.016
230.810
227.624
224.634
221.837
218.970
216.378
213.802
211.154
208.608
206.159
203.977
201.888
199.727
197.659
195.766
193.882
192.006
190.139
188.280
186.512
184.751
183.078
181.412
179.753
178.102
176.458
174.978
173.580
172.111
170.648
169.421
168.351
167.436
166.600
165.842
165.312
164.934
164.707
164.556
164.481
164.632
165.236
166.145
167.209
168.504
169.881
171.572
173.581
175.522
177.474
179.438
181.254
182.998
184.591
185.870
186.993
188.039
188.926
189.653
190.381
191.111
191.680
192.168
192.656
193.146
193.554
193.962
194.453
194.781
194.945
195.191
195.355
195.355
195.355
195.355
195.273
195.109
195.027
194.945
194.945
195.273
196.094
197.412
199.313
201.972
205.068
208.524
212.264
215.862
219.230
222.360
225.160
227.888
230.721
233.480
235.895
238.052
239.947
241.667
243.120
244.304
245.582
246.588
247.688
249.250
250.908
252.572
254.241
256.008
257.687
258.903
260.027
260.966
261.718
262.566
263.226
263.698
264.170
264.832
265.494
265.968
266.252
266.537
266.822
267.202
267.392
267.392
267.487
267.487
267.582
267.487
267.392
267.487
267.392
267.392
267.487
267.487
267.392
267.392
267.297
267.107
266.917
266.253
265.400
264.265
262.943
261.718
260.309
258.996
257.967
257.220
256.753
256.567
256.660
256.753
256.846
257.220
257.593
257.687
257.500
256.847
256.008
254.891
253.499
251.925
249.987
248.056
246.040
244.122
242.485
240.852
239.676
239.224
239.133
239.585
240.671
241.849
243.211
244.578
245.765
247.229
248.606
249.987
251.648
253.221
254.612
255.728
256.380
256.567
256.287
255.635
254.705
253.499
252.017
250.355
248.698
246.954
245.125
243.302
241.486
239.585
237.782
235.984
234.283
232.766
231.164
229.568
228.064
226.654
225.335
224.020
222.621
221.227
219.836
218.536
217.326
216.120
215.088
214.230
213.288
212.433
211.750
211.069
210.303
209.624
209.200
208.861
208.607
208.438
208.184
207.846
207.677
207.508
207.170
206.917
206.917
206.833
206.665
206.665
206.749
206.917
207.086
207.423
207.846
208.353
208.946
209.539
210.134
210.643
211.239
211.665
212.091
212.689
213.031
213.202
213.459
213.715
213.886
214.058
213.886
213.459
213.031
212.433
211.580
210.389
209.116
207.930
206.665
205.319
204.060
202.805
201.554
200.307
199.064
197.989
196.999
196.012
195.109
194.290
193.554
192.901
192.168
191.274
190.462
189.653
188.764
187.797
186.832
185.870
184.751
183.634
182.363
181.016
179.674
178.259
176.771
175.289
173.813
172.266
170.725
169.268
167.741
166.221
164.858
163.577
162.226
160.731
159.316
158.056
156.875
155.698
154.452
153.211
152.049
150.890
149.736
148.729
147.798
146.869
146.086
145.446
144.879
144.314
143.889
143.537
143.185
142.904
142.763
142.833
142.904
142.974
143.185
143.537
144.102
144.738
145.376
146.157
147.083
148.013
148.944
150.023
151.107
152.194
153.357
154.452
155.478
156.433
157.391
158.352
159.093
159.687
160.208
160.730
161.028
161.102
161.327
161.402
161.252
161.102
160.879
160.655
160.357
159.910
159.390
158.871
158.352
157.760
157.096
156.506
156.065
155.624
155.330
155.257
155.551
156.212
157.096
158.279
159.763
161.478
163.201
164.934
166.676
168.351
169.958
171.495
173.039
174.433
175.755
177.318
178.966
180.700
182.840
185.231
187.637
190.220
192.984
195.848
198.733
201.722
204.648
207.425
210.049
212.605
215.088
217.327
219.490
221.575
223.670
225.598
227.182
228.417
229.478
230.453
230.897
230.720
230.453
230.098
229.655
229.213
228.594
227.711
226.741
225.949
225.159
224.195
223.145
222.010
220.792
219.576
218.277
216.895
215.432
213.973
212.519
210.900
209.201
207.593
206.412
205.235
204.060
203.223
202.638
202.304
201.971
201.887
201.887
201.721
201.388
200.888
200.224
199.312
198.154
196.752
195.273
193.637
191.925
190.220
188.523
186.833
185.150
183.634
182.204
180.779
179.674
178.965
178.258
177.866
178.022
178.572
179.517
180.937
182.839
185.151
187.718
190.463
193.392
196.342
199.064
201.555
204.228
206.749
208.947
211.070
212.946
214.745
216.206
217.413
218.450
219.055
219.488
219.749
219.749
219.662
219.229
218.709
218.277
217.499
216.722
215.861
214.830
213.972
213.288
212.604
212.006
211.410
210.813
210.388
210.049
209.709
209.454
209.200
209.030
208.861
208.607
208.269
207.761
207.170
206.580
205.991
205.402
204.815
204.227
203.557
202.805
202.054
201.221
200.390
199.643
198.898
198.236
197.494
196.587
195.683
194.781
193.800
192.657
191.517
190.301
189.088
187.798
186.431
185.070
183.793
182.522
181.174
179.989
179.044
178.258
177.396
176.536
175.755
174.977
174.355
173.812
173.192
172.651
172.188
171.648
171.109
170.571
170.110
169.880
169.574
169.268
169.038
168.656
168.198
167.817
167.436
167.055
166.676
166.221
165.766
165.387
165.009
164.632
164.254
163.802
163.426
163.126
162.825
162.450
162.001
161.626
161.327
160.953
160.506
160.208
159.836
159.316
158.796
158.351
157.908
157.317
156.654
156.138
155.771
155.257
154.818
154.379
153.867
153.430
152.847
152.048
151.323
150.601
149.735
148.873
148.155
147.440
146.584
145.873
145.234
144.526
143.749
143.115
142.622
142.061
141.361
140.801
140.314
139.618
138.993
138.439
137.817
137.265
136.714
135.959
135.206
134.591
133.842
133.095
132.350
131.472
130.732
130.127
129.592
129.124
128.790
128.656
128.790
128.990
129.258
129.659
130.127
130.665
131.202
131.607
131.944
132.282
132.417
132.552
132.755
132.755
132.687
132.620
132.552
132.688
132.959
133.638
134.659
135.960
137.748
139.688
141.782
144.174
146.728
149.160
151.469
153.576
155.332
157.097
158.871
160.357
161.701
163.277
164.934
166.752
168.886
171.187
173.581
176.146
178.888
181.571
184.113
186.352
188.200
189.653
190.706
191.355
191.761
192.168
192.738
193.472
194.781
196.670
199.064
201.972
204.984
208.101
211.496
214.831
217.845
220.618
223.058
225.335
227.447
229.124
230.720
232.231
233.479
234.372
234.909
235.446
235.715
235.626
235.356
234.909
234.194
233.211
232.053
230.808
229.479
228.064
226.654
225.072
223.495
222.010
220.270
218.363
216.464
214.402
212.178
209.795
207.171
204.480
201.639
198.733
195.848
192.902
189.897
186.834
183.795
180.859
178.024
175.444
172.884
170.342
168.047
165.842
163.653
161.552
159.614
157.687
155.771
154.087
152.485
150.890
149.520
148.228
147.155
146.228
145.376
144.879
144.809
145.163
145.802
146.727
148.228
150.168
152.485
155.038
157.762
160.657
163.503
166.298
168.886
171.418
173.735
175.678
177.318
178.730
180.147
181.174
181.807
182.283
182.679
182.918
183.077
183.236
183.156
183.077
182.997
182.679
182.203
181.966
182.124
182.362
182.679
183.316
183.952
184.591
185.390
186.110
186.672
186.993
187.314
187.716
187.877
187.958
188.039
187.958
187.797
187.555
187.234
186.913
186.672
186.511
186.351
186.110
185.869
185.869
186.190
186.752
187.637
188.764
190.058
191.680
193.391
195.191
197.082
198.982
200.889
202.555
203.977
205.319
206.496
207.424
208.269
209.031
209.624
209.964
210.134
210.134
210.049
209.879
209.624
209.369
209.030
208.607
208.015
207.255
206.496
205.571
204.312
202.889
201.305
199.561
197.659
195.766
193.882
191.925
190.058
188.280
186.592
184.911
183.157
181.412
179.596
177.475
175.133
172.807
170.265
167.589
164.860
162.077
159.317
156.507
153.723
151.179
148.874
146.656
144.668
142.763
140.942
139.410
138.025
136.578
135.206
133.979
132.824
131.809
130.799
129.793
128.924
128.191
127.460
126.864
126.467
126.071
125.741
125.544
125.610
125.939
126.401
127.129
128.058
129.191
130.531
131.945
133.638
135.686
137.955
140.664
143.892
147.443
151.398
155.700
159.838
163.428
166.602
169.192
171.263
172.883
173.967
174.743
175.210
175.444
175.366
175.132
174.976
174.666
174.200
173.812
173.424
172.960
172.419
171.879
171.340
170.648
169.880
169.115
168.274
167.512
166.752
165.993
165.312
164.783
164.481
164.254
164.330
165.009
166.069
167.437
169.192
171.264
173.503
175.756
178.024
180.069
182.045
184.113
186.191
188.604
191.519
194.947
199.066
203.644
208.865
214.576
220.012
224.810
229.038
232.410
234.641
235.895
236.074
235.357
234.104
232.231
229.922
227.712
225.774
223.933
222.359
221.574
221.313
221.487
222.010
222.708
223.495
224.020
224.369
224.632
224.808
224.808
224.632
224.369
224.107
223.845
223.670
223.495
223.232
223.057
222.708
222.097
221.487
220.965
220.357
219.576
218.709
217.844
216.981
215.948
214.916
213.802
212.519
211.239
209.540
207.762
205.991
203.977
201.888
199.644
197.247
194.700
192.006
189.411
186.914
184.352
181.808
179.360
177.083
174.978
172.961
171.187
169.728
168.580
167.741
167.132
166.904
167.055
167.588
168.580
169.651
170.956
172.574
174.045
175.444
177.005
178.573
179.989
181.412
182.600
183.714
184.830
185.710
186.511
187.154
187.797
188.522
189.087
189.653
190.381
191.030
191.599
192.086
192.575
193.064
193.391
193.717
194.044
194.208
194.126
194.208
194.290
194.208
194.044
193.799
193.636
193.391
193.146
192.983
192.901
192.901
193.146
193.636
194.126
194.863
195.765
196.587
197.494
198.650
200.058
201.388
202.555
203.809
205.066
206.159
207.086
207.930
208.692
209.369
209.964
210.899
212.006
213.117
214.659
216.637
219.056
221.924
224.897
227.888
231.165
234.284
236.973
239.767
242.576
244.761
246.680
248.606
250.355
251.832
253.035
254.241
255.263
256.008
256.660
257.126
257.500
257.500
257.313
257.219
256.660
255.728
254.612
253.036
251.001
248.698
246.131
243.303
240.400
237.422
234.284
231.076
227.976
224.897
221.750
218.710
215.604
212.263
208.947
205.823
202.556
198.982
195.356
191.763
188.202
184.593
181.017
177.711
174.590
171.496
168.810
166.449
164.482
163.201
162.300
161.926
162.225
162.975
164.029
165.388
167.057
168.810
170.418
171.957
173.580
175.211
176.614
177.945
179.201
180.226
181.253
182.203
183.077
183.793
184.511
185.310
186.030
186.672
187.234
187.716
188.039
188.280
188.442
188.442
188.361
188.280
188.039
187.877
187.636
187.314
187.073
186.752
186.592
186.431
186.190
186.030
185.869
185.710
185.630
185.470
185.310
185.230
185.150
185.070
184.990
184.990
184.830
184.431
184.112
183.714
183.316
182.997
182.441
181.886
181.411
180.857
180.383
179.910
179.437
178.965
178.337
177.866
177.553
177.318
177.083
176.848
176.770
176.770
177.005
177.474
178.023
178.808
179.989
181.570
183.475
185.791
188.766
192.496
196.919
202.057
207.596
213.291
219.059
224.460
229.304
233.569
236.973
239.586
241.395
242.393
243.211
243.848
244.121
244.395
244.760
245.125
245.673
246.496
247.412
248.330
249.066
249.157
248.606
247.596
246.222
244.943
243.667
242.121
240.400
238.953
237.692
236.523
235.536
234.462
233.568
232.676
231.786
230.986
230.187
229.390
228.417
227.534
226.829
226.125
225.422
224.720
224.194
223.845
223.495
223.232
223.145
223.407
223.670
223.845
224.020
224.020
223.932
223.582
223.057
222.446
221.836
220.966
219.923
219.055
218.103
217.153
216.291
215.517
214.830
214.229
213.630
212.860
211.921
211.154
210.558
209.879
209.369
209.030
208.692
208.353
208.100
207.930
207.761
207.592
207.255
207.002
206.917
206.665
206.328
206.159
205.991
205.738
205.654
205.570
205.318
205.150
205.066
204.982
204.898
204.647
204.311
204.059
203.975
203.808
203.557
203.474
203.390
203.223
203.056
202.889
202.722
202.638
202.554
202.304
202.137
201.887
201.721
201.804
201.887
202.304
203.056
204.144
205.655
207.256
208.862
210.644
212.434
214.145
215.862
217.326
218.450
219.489
220.530
221.487
222.359
223.320
224.194
225.071
226.302
227.888
229.834
231.965
234.194
236.703
239.225
241.668
244.214
246.497
248.515
250.447
252.017
253.406
254.798
255.914
256.753
257.406
257.967
258.341
258.715
259.089
259.183
259.183
258.996
258.528
257.967
257.127
255.914
254.612
253.036
251.370
249.619
247.688
245.765
243.940
242.031
239.947
237.692
235.358
233.212
231.075
228.859
226.566
224.371
222.011
219.490
216.982
214.230
211.496
208.693
205.655
202.806
199.894
196.918
194.209
191.438
188.765
186.271
183.953
181.808
179.753
177.867
176.146
174.589
173.116
171.880
170.879
170.110
169.651
169.344
169.115
169.191
169.498
169.804
170.264
170.879
171.494
172.110
172.883
173.657
174.278
174.977
175.600
176.067
176.535
177.005
177.474
177.787
178.022
178.337
178.572
178.730
178.965
179.201
179.437
179.752
180.068
180.541
180.936
181.252
181.569
181.886
182.362
182.838
183.316
183.634
184.032
184.590
185.070
185.550
186.110
186.672
187.154
187.636
188.039
188.200
188.442
188.683
188.683
188.683
188.603
188.522
188.361
188.119
187.877
187.555
187.234
186.832
186.351
185.950
185.789
185.789
186.110
186.832
188.120
190.058
192.576
196.095
200.226
204.733
209.542
214.232
218.625
222.448
225.335
227.270
228.594
229.301
229.390
229.124
228.505
227.534
226.477
225.598
225.159
225.071
225.422
226.301
227.888
230.277
233.033
236.075
239.316
242.394
245.126
247.413
249.618
251.463
252.479
252.942
252.942
252.294
251.093
249.710
247.964
246.131
244.487
242.576
240.761
239.134
237.422
235.805
234.194
232.765
231.519
230.276
229.213
228.241
227.270
226.565
226.037
225.510
225.071
224.983
225.159
225.247
225.598
226.389
227.094
227.711
228.328
228.594
228.505
228.152
227.358
226.301
224.897
223.233
221.488
219.576
217.586
215.690
213.888
212.092
210.474
209.031
207.762
206.665
205.906
205.486
205.150
204.898
204.731
204.731
205.066
205.402
205.738
206.075
206.328
206.580
206.580
206.496
206.412
206.075
205.654
205.150
204.563
203.892
203.056
202.138
201.138
200.141
199.146
198.071
197.081
196.341
195.519
194.617
193.881
193.309
192.738
192.086
191.517
190.949
190.300
189.653
189.167
188.683
188.119
187.636
187.154
186.672
186.431
186.190
185.949
185.869
185.789
186.030
186.672
187.637
188.603
189.653
190.950
192.250
193.554
194.945
196.094
197.082
198.071
198.815
199.477
200.141
200.722
201.221
201.638
202.137
202.805
203.557
204.479
205.823
207.593
209.710
212.434
215.518
219.057
222.796
226.655
230.721
234.642
238.233
241.487
244.396
246.955
249.342
251.185
252.664
254.148
255.356
256.194
256.846
257.406
257.874
258.154
258.435
258.809
259.183
259.746
260.684
262.001
263.698
265.494
267.297
268.819
270.059
271.013
271.109
270.345
269.009
267.012
263.982
260.404
256.661
252.666
248.516
244.397
240.400
236.614
232.856
228.949
225.336
222.012
218.624
215.347
212.434
209.625
206.834
204.479
202.472
200.391
198.568
197.247
195.930
194.617
193.636
192.738
191.761
190.949
190.300
189.734
189.248
188.764
188.361
187.958
187.475
187.154
186.832
186.431
185.950
185.470
185.150
184.830
184.510
184.271
184.032
183.793
183.714
183.714
183.714
183.793
183.952
184.191
184.430
184.670
184.990
185.470
186.030
186.431
186.832
187.395
187.877
188.442
188.925
189.248
189.653
189.815
189.896
190.138
190.219
189.977
189.734
189.491
189.167
188.683
188.119
187.636
187.073
186.351
185.789
185.310
184.750
184.112
183.554
183.236
182.918
182.679
182.521
182.362
182.521
182.997
183.714
184.751
186.352
188.604
191.519
195.193
199.397
204.231
209.543
215.005
220.708
226.304
231.522
236.166
240.039
243.303
245.674
247.597
249.066
249.894
250.631
251.185
251.647
252.109
252.479
252.942
253.498
254.055
254.612
255.263
255.821
256.287
256.753
257.220
257.593
257.780
257.967
258.341
258.528
258.528
258.622
258.902
259.464
260.027
260.590
261.624
263.132
264.738
266.348
267.963
269.486
270.727
271.683
272.449
272.929
272.929
272.737
272.258
271.683
271.109
270.440
269.677
268.723
267.772
266.727
265.684
264.548
263.038
261.249
259.278
257.221
254.985
252.758
250.816
248.790
246.680
244.669
242.576
240.490
238.413
236.344
234.194
232.142
230.276
228.594
227.182
225.950
224.896
224.020
223.407
222.795
222.097
221.487
220.878
220.357
219.836
219.229
218.709
218.103
217.585
217.240
216.981
216.722
216.636
216.550
216.119
215.775
215.603
215.345
214.916
214.315
213.886
213.544
213.202
212.860
212.433
212.006
211.580
211.069
210.643
210.218
209.624
209.031
208.353
207.846
207.255
206.580
206.075
205.654
205.150
204.563
204.060
203.557
203.056
202.805
202.722
202.638
202.805
203.307
204.060
204.982
206.244
208.016
209.964
211.836
213.545
215.174
216.722
218.104
219.489
220.792
221.749
222.621
223.495
224.107
224.720
225.686
226.829
228.064
229.568
231.431
233.390
235.358
237.512
239.586
241.758
244.031
246.040
247.872
249.618
251.185
252.479
253.591
254.705
255.728
256.474
257.033
257.500
257.780
257.967
258.248
258.435
258.715
259.464
260.591
262.095
263.887
266.063
268.534
271.014
273.505
275.813
277.937
279.777
281.136
281.914
282.206
282.206
281.719
281.039
280.165
278.711
276.970
274.850
272.258
269.391
266.159
262.379
258.343
254.335
250.080
245.948
242.031
238.143
234.463
230.987
227.712
224.634
221.663
218.710
215.948
213.374
210.814
208.439
206.328
204.312
202.555
200.972
199.395
197.989
196.752
195.683
194.863
194.208
193.636
193.146
192.738
192.331
192.005
191.843
191.599
191.274
191.030
190.867
190.543
190.138
189.815
189.491
189.087
188.683
188.361
188.039
187.716
187.475
187.314
187.154
187.073
186.993
186.913
186.832
186.672
186.592
186.431
186.190
186.110
186.030
185.869
185.710
185.470
185.150
184.830
184.510
184.112
183.714
183.395
183.077
182.759
182.521
182.283
182.124
182.045
181.966
181.886
181.728
181.807
182.124
182.600
183.475
184.991
187.718
191.764
197.002
203.144
209.799
216.727
223.411
229.659
235.360
240.129
243.941
247.138
249.711
251.833
253.406
254.705
255.728
256.474
257.313
257.687
257.874
258.061
258.248
258.435
258.435
258.528
258.435
258.341
258.341
258.341
258.435
258.435
258.435
258.435
258.435
258.809
259.464
260.215
261.531
263.037
264.738
266.633
268.534
270.632
272.833
275.043
276.777
278.615
280.553
282.012
283.278
284.352
285.330
286.113
286.603
287.094
287.584
288.075
288.371
288.371
288.469
288.666
288.863
288.764
288.666
288.961
289.059
289.158
289.551
289.945
290.241
290.636
291.130
291.623
292.118
292.415
292.613
292.910
293.207
293.306
293.108
293.009
292.910
292.910
292.811
292.514
292.415
292.118
291.821
291.623
291.524
291.524
291.524
291.524
291.623
291.722
291.623
291.327
290.932
290.537
289.946
289.059
288.174
286.898
285.428
284.157
282.693
281.039
279.389
277.647
276.006
274.562
272.929
271.014
269.010
266.917
264.360
261.437
258.436
255.450
252.573
250.079
247.872
246.039
244.851
244.122
243.666
243.575
243.757
243.757
243.666
243.939
244.121
244.030
243.757
243.302
242.938
242.393
241.576
240.761
240.037
239.314
238.682
238.052
237.512
237.331
237.151
236.971
236.792
236.343
235.895
235.536
235.177
234.909
234.819
234.998
235.446
235.984
236.612
237.512
238.593
239.676
240.852
242.121
243.302
244.487
245.582
246.771
248.147
249.249
250.262
251.185
251.831
252.017
251.831
251.554
251.093
250.355
249.250
248.055
247.046
245.857
244.396
242.939
241.486
239.857
238.232
236.524
234.641
232.855
230.986
229.036
227.270
225.598
223.757
222.010
220.270
218.450
216.550
214.573
212.775
210.814
208.777
206.750
204.563
202.472
200.474
198.485
196.423
194.372
192.495
190.707
188.846
187.154
185.711
184.352
183.157
182.045
180.858
179.753
178.808
177.866
177.005
176.301
175.678
175.054
174.666
174.588
174.588
174.588
174.743
175.132
175.600
176.145
176.770
177.474
178.180
178.808
179.437
179.989
180.462
180.936
181.331
181.649
181.886
182.045
182.203
182.362
182.441
182.521
182.600
182.600
182.600
182.600
182.679
182.758
182.679
182.600
182.600
182.679
182.758
182.600
182.362
182.203
181.966
181.649
181.252
180.778
180.226
179.673
179.201
178.651
178.023
177.396
176.770
176.067
175.444
174.744
174.045
173.502
172.806
172.188
171.571
170.879
170.264
169.651
169.191
168.809
168.274
167.893
167.665
167.436
167.208
167.284
167.741
168.427
169.574
171.263
173.581
176.302
179.281
182.363
185.551
188.766
191.844
194.782
197.577
200.224
202.639
204.983
207.171
209.286
211.581
213.973
216.379
218.883
221.663
224.546
227.447
230.810
234.195
237.063
239.767
242.394
244.670
246.680
248.514
250.079
251.093
251.739
252.202
252.479
252.664
252.664
252.572
252.387
252.109
251.739
251.462
251.277
251.093
250.908
251.000
251.277
251.739
252.572
253.591
254.798
256.381
258.154
259.652
261.155
262.566
263.698
264.643
265.589
266.442
266.917
267.487
267.962
268.152
268.437
268.914
269.391
269.772
270.249
270.822
271.300
271.587
271.779
271.683
271.492
271.205
270.536
269.867
269.009
267.867
266.917
265.968
264.926
263.887
262.755
262.001
261.436
260.590
259.746
259.277
258.902
258.435
258.061
257.780
257.593
257.220
256.939
256.846
256.753
256.660
256.567
256.474
256.474
256.474
256.287
256.287
256.194
256.008
256.101
256.287
256.660
257.500
258.435
259.559
261.155
262.660
264.170
265.779
267.202
268.438
269.772
270.918
271.779
272.737
273.504
273.888
274.176
274.465
274.657
274.850
275.042
275.235
275.427
275.524
275.331
275.042
274.754
274.273
273.792
273.312
272.929
272.737
272.641
272.833
273.025
273.408
274.177
275.042
275.812
276.681
277.550
278.323
279.195
279.873
280.456
281.136
281.525
281.525
281.914
282.108
281.913
281.525
281.039
280.359
279.389
278.420
277.260
276.006
274.754
273.408
272.066
270.632
269.200
267.867
265.969
263.415
260.685
257.688
254.057
250.080
246.040
242.031
237.963
233.927
230.011
226.302
223.145
220.358
217.845
215.776
213.888
212.177
210.559
208.862
207.003
205.067
202.973
200.640
198.155
195.520
192.902
190.221
187.557
184.991
182.522
180.226
178.102
175.990
173.890
171.957
170.188
168.581
167.133
165.842
164.858
164.029
163.201
162.600
162.150
161.701
161.327
161.028
160.730
160.357
160.059
159.836
159.538
159.242
159.019
158.796
158.574
158.500
158.500
158.500
158.426
158.277
158.203
158.129
157.982
157.834
157.686
157.539
157.391
157.243
157.096
156.801
156.506
156.359
156.065
155.771
155.551
155.037
154.598
154.306
153.940
153.503
153.066
152.775
152.556
152.338
151.976
151.613
151.468
151.323
151.106
151.106
151.179
151.323
151.686
152.120
152.629
153.357
154.086
154.745
155.477
156.212
156.948
157.686
158.426
159.316
160.506
161.926
163.577
165.615
168.123
170.726
173.503
176.615
179.438
181.967
184.352
186.512
188.522
190.382
192.169
194.373
197.330
200.973
205.405
210.647
216.036
221.055
225.424
228.772
231.164
232.676
233.211
233.033
232.676
232.409
232.320
232.587
233.211
234.015
235.178
236.613
237.962
239.134
240.127
240.942
241.304
240.942
240.037
238.683
237.242
235.895
234.372
233.122
232.053
231.163
230.542
230.009
229.921
229.832
229.655
229.655
229.567
229.567
229.655
229.567
229.567
229.390
229.124
229.124
229.124
229.124
229.124
229.036
228.947
228.947
228.947
228.859
228.859
229.036
228.947
228.947
229.124
229.124
229.124
229.213
229.213
228.859
228.328
227.799
226.917
225.686
224.020
221.836
219.576
217.154
214.659
212.263
209.879
207.678
205.823
204.228
203.139
202.471
201.971
202.054
202.638
203.139
203.809
204.815
205.907
207.086
208.184
209.370
210.644
211.836
213.202
214.573
215.948
217.586
219.143
220.705
222.360
223.757
225.072
226.213
227.006
227.887
229.036
230.010
230.808
231.697
232.498
233.300
234.015
234.551
235.088
235.626
236.074
236.523
237.332
238.503
239.856
241.304
242.757
244.213
245.765
247.138
248.330
249.618
250.724
251.554
252.202
252.850
253.312
253.498
253.591
253.405
253.127
252.942
252.572
252.109
251.831
251.646
251.554
251.646
252.017
252.572
253.127
253.776
254.612
255.728
256.940
258.435
260.591
263.132
265.874
268.915
272.258
275.621
278.808
281.623
284.060
286.114
287.683
288.666
289.354
289.847
289.748
289.551
289.256
288.567
287.683
286.603
285.428
284.352
283.181
282.012
281.039
280.165
279.582
279.098
278.614
278.226
277.743
277.357
277.067
276.681
276.391
276.102
275.716
275.331
275.042
274.657
274.272
273.696
273.025
272.449
271.492
270.154
268.343
265.685
262.191
258.062
253.593
248.884
243.760
238.595
233.482
228.508
224.284
220.879
218.190
216.378
215.431
215.259
215.689
216.636
217.845
219.056
220.183
221.139
221.923
222.533
222.882
223.057
223.232
223.582
224.370
225.862
228.330
231.876
236.346
241.488
246.681
251.649
256.289
260.216
263.510
265.969
267.487
268.438
268.914
269.009
268.628
267.867
267.012
265.684
264.265
263.132
261.813
260.403
259.184
258.061
256.940
255.914
254.984
254.055
253.405
252.850
252.202
251.831
251.462
251.093
251.000
251.000
251.093
251.462
251.646
251.831
252.294
252.942
253.776
254.519
255.263
256.008
256.753
257.500
258.061
258.528
259.090
259.840
260.402
260.496
260.778
261.154
261.248
261.342
261.530
261.530
261.530
261.530
261.342
261.248
261.154
261.342
261.624
261.530
261.718
262.095
262.377
262.943
263.698
264.548
265.305
266.063
266.727
267.107
267.582
268.057
268.152
268.057
267.962
267.677
267.202
266.632
266.158
265.684
265.116
264.453
263.698
262.943
262.189
261.530
260.497
259.464
258.902
258.435
257.967
257.687
257.500
257.313
257.406
257.406
257.313
257.406
257.500
257.313
257.033
256.846
256.753
257.126
258.154
259.746
261.813
264.454
267.393
270.537
273.889
276.971
279.777
282.304
284.450
286.506
288.174
289.158
289.748
290.241
290.537
290.735
290.735
290.439
290.537
290.735
291.130
292.019
293.108
294.297
295.489
296.484
297.480
298.278
298.878
299.277
299.277
299.277
299.277
298.977
298.678
298.478
298.079
297.679
296.982
296.185
295.588
294.992
294.396
293.702
292.910
292.019
291.228
290.636
289.946
289.354
288.961
288.469
288.174
288.075
287.781
287.290
286.898
286.799
286.505
286.211
286.113
285.917
285.721
285.525
285.232
284.939
284.743
284.645
284.450
284.352
284.352
284.254
284.254
284.450
284.939
285.525
285.917
286.505
287.486
288.567
289.650
290.439
291.130
291.920
292.712
293.405
293.999
294.496
294.794
295.290
295.886
296.185
296.384
296.683
296.982
297.081
297.181
297.380
297.579
297.480
297.281
297.281
297.380
297.480
297.579
297.579
297.181
296.982
297.081
297.081
296.683
296.086
295.688
295.191
294.496
293.900
293.405
292.811
292.316
291.722
290.932
290.340
289.847
289.256
288.469
287.683
287.094
286.211
285.330
284.743
284.156
283.668
283.181
282.596
282.206
281.914
281.719
281.330
281.039
281.136
281.039
280.942
281.233
281.622
281.914
282.206
282.303
282.401
282.303
281.817
281.233
280.456
279.292
278.033
276.681
275.139
273.793
272.641
271.587
270.441
269.391
268.533
267.772
267.012
266.442
266.063
265.684
265.210
264.737
264.170
263.226
262.189
260.779
259.091
257.500
255.915
254.334
252.850
251.463
250.262
249.525
248.974
248.422
247.871
247.412
246.863
245.948
245.034
244.213
243.120
241.667
240.580
239.676
238.683
237.872
237.152
236.702
236.523
236.612
237.152
238.052
239.224
240.399
241.849
243.667
245.308
246.954
248.606
250.079
251.463
252.572
253.777
254.798
255.263
255.728
256.101
256.380
256.753
257.126
257.593
258.061
258.435
258.996
259.652
260.027
260.309
260.872
261.530
262.001
262.189
262.660
263.037
263.131
263.226
263.226
263.509
263.698
263.792
263.981
264.548
265.305
266.253
267.392
268.724
270.250
271.683
273.216
274.658
275.909
277.067
278.033
278.808
279.582
280.164
280.553
280.845
280.845
280.553
279.874
278.808
277.743
276.488
274.946
273.312
271.492
269.868
268.438
266.917
265.494
264.359
263.509
262.660
262.095
261.813
261.624
261.813
262.189
262.471
262.943
263.415
263.603
264.075
264.832
265.589
266.537
267.677
269.009
270.536
271.971
273.601
275.331
276.970
278.517
279.777
280.845
281.719
282.596
283.376
283.961
284.450
284.841
284.939
284.547
283.766
282.986
282.206
281.330
280.359
279.679
279.292
278.711
278.226
278.129
278.323
278.420
278.420
278.323
278.129
277.453
276.199
274.754
273.312
271.875
270.250
268.439
266.538
264.549
262.472
260.309
258.248
256.660
255.263
254.148
253.498
253.220
253.220
253.220
253.498
253.869
253.683
253.220
252.850
252.387
252.017
251.185
249.986
249.157
248.330
247.229
246.130
245.217
244.304
243.211
242.030
241.032
240.127
239.044
238.142
237.332
236.523
235.805
235.267
235.356
235.895
236.883
238.593
240.852
243.303
245.674
248.056
250.632
252.850
254.519
256.008
257.220
257.967
258.622
259.089
259.277
259.746
259.933
259.933
260.309
260.309
260.215
260.402
260.402
260.402
260.496
260.309
260.309
260.496
260.684
261.436
262.472
263.792
265.779
268.058
270.250
272.354
274.274
275.716
276.584
277.163
277.357
276.874
276.294
275.716
274.946
274.273
273.792
273.216
272.449
271.874
271.109
269.772
268.058
265.969
263.321
260.310
257.221
253.963
250.909
248.055
245.309
242.939
240.762
238.683
236.793
234.910
232.944
231.342
229.922
228.417
227.270
226.301
225.422
224.808
224.369
224.107
224.107
224.369
224.808
225.598
227.006
228.859
231.164
233.926
236.883
239.948
243.122
246.131
248.698
251.001
253.036
254.799
256.194
257.500
258.715
259.464
259.933
260.309
260.684
260.778
260.684
260.684
260.684
260.590
260.590
260.684
260.778
260.871
260.871
261.154
261.530
261.718
261.907
262.189
262.660
263.131
263.415
263.792
264.170
264.359
264.453
264.548
264.926
265.210
265.305
265.400
265.400
265.494
265.494
265.305
265.400
265.494
265.494
265.589
265.873
266.537
267.487
268.533
269.772
271.300
273.025
274.658
276.006
277.357
278.517
279.292
279.776
280.067
280.261
280.164
279.970
279.582
278.808
278.130
277.357
276.584
275.909
275.331
274.657
273.888
273.504
273.025
272.641
272.545
272.162
271.874
271.874
271.970
272.161
272.449
272.929
273.504
274.177
274.754
275.427
276.198
276.681
277.357
277.936
278.517
279.001
279.292
279.971
280.456
280.747
281.233
281.719
282.108
282.498
282.888
283.571
284.352
284.841
285.427
286.113
286.898
287.879
288.764
289.354
290.044
290.735
291.228
291.821
292.514
293.207
293.602
293.999
294.496
294.694
294.893
295.290
295.489
295.688
295.787
295.389
294.992
294.496
293.702
292.712
291.525
290.439
289.256
287.683
286.113
284.548
282.888
281.234
279.486
277.744
276.102
274.466
272.737
270.918
269.010
266.917
264.360
261.719
259.278
256.941
254.613
252.479
250.816
249.802
249.066
248.238
247.504
247.046
246.496
245.856
245.582
245.399
245.308
245.399
245.673
246.039
246.588
247.229
247.871
248.606
249.526
250.447
251.185
252.109
252.942
253.684
254.334
254.798
254.891
254.705
254.705
254.612
254.426
254.148
253.869
253.776
253.962
254.334
254.798
255.449
256.380
257.500
258.435
259.371
260.497
261.436
262.095
262.565
262.942
263.226
263.320
263.415
263.415
263.415
263.320
263.226
263.320
263.415
263.509
263.320
263.037
262.848
262.754
262.471
262.001
261.436
260.872
260.215
259.558
259.183
258.715
258.248
257.687
257.033
256.567
256.287
256.008
255.635
255.170
254.798
254.612
254.519
254.334
254.148
254.148
253.962
253.776
253.776
253.498
253.127
252.757
251.924
250.724
249.250
247.597
245.765
243.667
241.577
239.947
238.593
237.332
236.433
235.984
235.984
236.074
236.343
236.972
237.602
238.142
238.592
238.953
239.224
239.224
239.043
238.862
238.592
238.052
237.331
236.523
235.536
234.283
233.033
231.964
230.720
229.567
228.417
227.270
226.477
225.949
225.598
225.335
225.247
225.422
225.949
226.829
227.976
229.479
231.253
233.212
235.179
236.793
238.142
239.314
240.037
240.580
241.032
241.486
242.211
243.029
244.122
244.943
245.490
245.856
245.673
245.125
244.304
243.120
241.667
240.218
238.773
237.422
236.254
235.088
234.015
233.300
232.587
231.964
231.696
231.696
231.964
232.409
233.122
234.104
235.178
236.254
237.512
238.954
239.947
241.033
242.121
243.029
244.031
244.760
245.582
246.405
247.046
247.596
248.146
248.790
249.433
249.894
250.539
251.370
252.109
253.035
254.055
254.891
255.728
256.567
257.220
257.593
257.780
257.967
258.154
258.154
257.967
257.687
257.313
257.033
256.753
256.567
256.287
256.101
256.380
256.567
256.660
256.660
256.753
256.939
256.753
256.567
256.380
255.914
255.635
255.542
255.542
255.821
256.101
256.567
257.313
257.874
258.435
258.996
259.277
259.371
259.277
258.715
257.593
256.101
254.241
252.295
250.447
248.422
246.588
245.125
243.667
242.484
241.667
240.942
240.398
240.218
240.398
240.942
241.576
242.302
243.120
243.940
244.760
245.582
246.405
247.046
247.688
248.238
248.698
249.157
249.433
249.709
249.894
250.078
250.262
250.355
250.355
250.355
250.539
250.262
249.894
249.525
248.974
248.238
247.321
246.314
245.308
244.486
243.757
242.938
242.030
241.576
241.123
240.489
239.947
239.405
238.863
238.232
237.512
236.972
236.523
236.164
236.074
236.164
236.254
236.254
236.433
236.792
236.971
236.971
236.971
236.792
236.433
236.164
235.805
235.446
235.177
234.730
234.283
233.836
233.122
232.498
232.053
231.608
231.430
231.163
230.808
230.631
230.720
231.075
231.519
232.231
233.301
234.641
236.433
238.683
241.124
243.667
246.223
248.698
250.816
252.572
254.055
255.263
256.101
256.847
257.687
258.248
258.903
259.652
260.027
260.402
260.872
261.436
262.189
262.943
263.320
263.698
264.170
264.264
264.075
263.981
264.264
264.264
263.887
263.698
263.792
263.792
263.603
263.509
263.792
264.075
264.075
264.264
264.548
264.453
264.453
264.642
264.737
264.926
265.210
265.779
266.632
267.677
268.819
270.345
271.971
273.505
275.042
276.198
277.067
277.453
277.357
276.681
275.235
273.313
270.632
267.298
263.605
259.186
254.614
250.172
245.857
241.759
237.604
233.748
230.100
226.742
223.758
220.879
218.277
215.948
213.716
211.665
209.624
208.015
206.749
205.403
204.395
203.641
203.056
202.889
202.889
202.889
203.223
203.725
204.227
204.815
205.570
206.328
206.917
207.423
207.930
208.692
209.709
210.899
212.776
215.174
218.105
221.402
224.722
228.330
231.876
234.910
237.512
239.856
241.849
243.393
244.395
244.851
244.943
244.851
244.486
243.939
243.211
242.574
241.939
241.123
240.399
239.676
238.953
237.962
236.703
235.089
233.212
231.342
229.391
227.359
225.422
223.757
222.098
220.618
219.489
218.190
217.153
216.550
215.861
215.174
214.487
213.886
213.459
213.031
212.603
212.262
211.836
211.495
211.750
212.775
214.144
215.862
218.278
220.966
223.671
226.478
229.036
231.431
233.748
235.716
237.602
239.495
241.214
242.939
244.578
245.948
247.229
248.606
249.525
249.986
250.170
249.986
249.342
248.055
246.679
245.399
244.031
242.666
241.486
240.489
239.495
238.772
238.232
237.782
237.692
237.962
238.412
239.043
240.218
241.576
242.666
243.575
244.304
244.577
244.669
244.669
244.304
243.666
242.938
242.030
240.852
239.676
238.413
237.152
235.716
234.194
232.944
231.609
230.276
229.124
228.064
227.094
226.477
226.125
225.774
225.422
225.159
224.808
224.282
223.582
222.795
222.010
221.313
220.617
219.749
219.142
218.882
218.882
219.402
220.270
221.662
223.933
226.742
230.011
233.659
237.333
241.125
244.761
247.964
251.001
253.777
256.194
258.061
259.277
259.933
259.840
259.183
258.061
256.474
254.706
253.035
251.647
250.447
249.434
248.698
248.422
248.422
248.514
248.606
248.514
247.963
247.046
246.039
244.851
243.575
241.940
240.038
238.323
236.434
234.283
232.320
230.631
229.036
227.623
226.390
225.247
224.282
223.320
222.359
221.400
220.270
219.402
218.450
217.240
216.291
215.517
214.916
214.487
214.315
214.229
214.572
215.431
216.291
217.413
218.796
220.183
221.226
222.360
223.670
224.545
225.247
226.214
227.182
227.976
228.947
230.010
230.897
231.786
233.033
234.283
235.447
236.793
237.962
239.134
240.399
241.486
242.757
243.940
244.760
245.490
246.039
246.313
246.221
245.856
245.308
244.669
243.940
243.029
241.939
240.851
239.947
238.953
237.962
236.972
236.074
235.088
234.015
232.944
231.964
230.986
229.921
228.682
227.358
226.126
224.808
223.320
221.575
219.663
217.586
215.260
212.775
210.220
207.256
204.312
201.472
198.321
195.029
191.925
188.766
185.551
182.443
179.281
176.302
173.503
170.803
168.276
165.918
163.728
161.851
160.209
158.723
157.539
156.580
155.844
155.404
155.110
155.037
155.183
155.404
155.844
156.359
156.948
157.612
158.204
158.871
159.613
160.357
161.103
161.851
162.600
163.351
164.028
164.707
165.312
165.842
166.372
166.828
167.284
167.665
167.970
168.122
168.122
168.351
168.732
168.885
168.885
168.962
169.115
169.344
169.421
169.191
169.038
169.038
168.962
168.885
168.808
168.656
168.427
168.122
167.893
167.970
168.198
168.503
168.885
169.421
170.264
171.109
172.111
173.425
174.822
176.380
178.024
179.675
181.570
183.555
185.550
187.637
189.815
192.087
194.783
197.908
201.390
205.152
208.778
212.263
215.260
217.500
218.969
219.575
219.488
218.882
217.758
216.464
215.088
213.716
212.433
211.324
210.558
209.879
209.369
208.946
208.692
208.607
208.607
208.522
208.438
208.522
208.438
208.269
208.100
207.846
207.508
207.086
206.749
206.328
205.738
205.318
204.815
204.227
203.725
203.390
203.307
203.307
203.557
204.227
205.150
206.412
207.931
209.540
211.069
212.519
213.887
215.002
215.775
216.119
216.205
216.033
215.775
215.345
214.744
214.144
213.630
213.202
212.860
212.774
212.603
212.177
211.836
211.410
210.813
210.303
209.709
208.861
208.015
207.339
206.833
206.328
206.159
206.412
206.917
208.269
210.304
212.861
216.034
219.490
222.971
226.566
230.277
233.927
237.333
240.581
243.667
246.406
249.066
251.371
253.035
254.334
255.076
255.262
254.984
254.334
253.313
251.925
250.539
248.974
247.413
246.131
244.578
243.029
241.849
240.671
239.676
238.683
237.782
237.241
236.523
235.805
235.267
234.730
234.194
233.747
233.211
232.587
231.964
231.430
230.897
230.365
229.833
229.301
228.771
228.417
228.152
227.711
227.534
227.534
227.446
227.446
227.622
228.064
228.682
229.213
229.833
230.453
231.075
231.697
231.785
231.785
231.785
231.607
231.252
230.808
230.365
229.655
229.213
229.036
228.859
228.771
228.859
228.859
228.771
228.859
228.947
228.947
228.859
228.682
228.594
228.328
227.622
226.917
226.213
225.335
224.458
223.320
221.749
220.096
218.277
216.206
214.145
211.922
209.455
207.003
204.647
202.389
200.225
197.989
195.848
193.882
192.006
190.220
188.442
186.752
185.150
183.634
182.124
180.542
178.966
177.318
175.833
174.356
172.806
171.341
169.958
168.733
167.513
166.372
165.388
164.481
163.577
162.600
161.776
161.029
160.060
159.167
158.278
157.391
156.507
155.551
154.671
153.722
152.775
151.758
150.673
149.664
148.657
147.655
146.585
145.518
144.526
143.467
142.412
141.431
140.383
139.340
138.370
137.334
136.302
135.275
134.319
133.366
132.417
131.607
130.799
129.927
129.057
128.191
127.328
126.533
125.742
124.953
124.231
123.513
122.796
122.146
121.498
120.852
120.208
119.565
119.052
118.604
118.094
117.648
117.330
117.139
116.886
116.696
116.569
116.443
116.443
116.506
116.696
117.013
117.394
117.967
118.860
120.015
121.434
123.122
125.019
127.129
129.527
132.149
135.071
138.164
141.433
144.953
148.516
152.050
155.552
159.170
162.752
166.222
169.653
173.040
176.303
179.360
182.363
185.311
187.959
190.301
192.413
194.373
196.259
197.824
199.313
200.723
201.888
202.972
203.976
204.898
205.739
206.412
207.255
208.100
208.522
209.115
209.794
210.134
210.644
211.069
211.324
211.750
211.921
212.006
212.262
212.518
212.603
212.774
213.031
213.202
213.459
213.715
214.058
214.572
215.002
215.259
215.517
215.861
216.033
216.205
216.464
216.550
216.550
216.378
216.205
216.033
215.603
215.088
214.487
213.886
213.117
212.092
210.899
209.794
208.608
207.171
205.739
204.395
203.139
201.804
200.639
199.478
198.402
197.411
196.258
195.682
195.355
195.027
195.027
195.191
195.601
196.587
197.989
199.395
201.056
202.973
204.898
206.749
208.862
211.155
213.288
215.174
216.722
218.017
219.055
219.749
220.183
220.444
220.530
220.444
220.357
220.357
220.009
219.488
218.969
218.190
217.240
216.291
215.259
214.059
212.945
211.921
210.814
209.709
208.692
207.677
206.496
205.318
204.395
203.474
202.638
201.971
201.305
200.639
200.141
199.726
199.395
199.312
198.981
198.815
198.980
199.146
199.560
200.390
201.888
203.223
204.312
205.402
206.159
207.086
207.846
208.353
209.200
210.304
211.495
213.288
216.034
219.577
223.847
228.330
233.035
237.784
242.123
246.040
249.342
252.110
254.519
256.287
257.593
258.528
258.996
259.183
258.622
257.780
257.033
256.008
255.077
254.241
253.313
252.664
252.294
252.109
252.109
252.202
252.294
252.479
252.387
251.739
250.816
249.342
247.688
246.222
244.851
243.666
242.938
242.847
243.029
243.393
243.848
244.395
244.851
245.034
245.034
244.760
244.395
244.030
243.393
242.575
241.849
241.032
240.218
239.405
238.322
237.152
235.984
234.641
233.212
231.875
230.631
229.302
227.976
226.478
225.159
224.282
223.407
222.534
221.836
221.400
221.052
221.139
221.574
222.010
222.621
223.407
224.282
225.335
226.742
228.506
230.898
234.106
238.054
242.668
247.506
252.296
257.222
261.908
266.349
270.250
273.505
276.296
278.518
280.262
281.330
282.401
283.278
283.571
283.961
284.352
284.352
284.352
284.547
284.743
284.743
284.645
284.645
284.547
284.352
284.352
284.450
284.352
284.547
284.743
284.743
285.036
285.525
285.721
285.721
286.113
286.407
286.603
287.094
287.584
288.075
288.863
289.650
290.439
291.525
292.415
293.207
293.999
294.595
294.992
295.191
295.389
295.588
295.886
295.886
295.489
295.290
295.290
295.389
295.389
295.191
294.794
294.595
294.595
294.297
293.900
293.701
293.801
293.999
294.396
295.191
295.986
296.982
298.178
299.378
300.578
301.380
302.183
303.188
304.194
305.000
305.706
306.413
306.919
307.525
308.133
308.133
308.031
307.829
307.525
307.323
306.919
306.716
306.312
305.504
304.899
304.093
302.987
301.982
300.779
299.677
298.578
297.082
295.490
293.703
291.921
289.848
287.095
284.352
281.623
278.615
275.525
272.546
269.964
267.772
266.063
265.210
264.359
263.698
263.981
264.643
265.684
266.917
268.248
269.964
271.683
273.216
274.561
275.716
276.681
277.743
278.614
279.001
279.486
279.873
280.067
280.164
280.164
280.261
280.359
280.164
280.067
279.873
279.582
279.292
279.001
279.001
279.098
279.098
279.001
278.904
278.614
278.226
277.936
277.743
277.646
277.550
277.550
277.646
277.646
277.839
277.936
277.743
277.453
277.067
276.487
275.812
275.524
275.235
274.657
273.984
273.216
272.449
271.587
270.631
269.772
268.819
267.582
266.442
265.305
264.075
262.755
261.436
259.746
257.967
256.101
253.870
251.648
249.526
247.780
246.222
244.943
243.849
242.757
241.667
240.580
239.224
237.692
236.343
235.446
234.909
234.551
234.372
234.104
233.925
233.747
233.478
233.033
232.320
231.608
231.075
230.542
230.098
229.921
229.832
230.187
230.986
232.320
234.104
236.344
238.774
240.943
243.030
244.760
246.039
246.863
247.596
248.238
248.698
248.974
249.157
249.525
249.986
250.262
250.262
249.986
249.525
248.790
247.688
246.588
245.308
243.849
242.212
240.309
238.323
236.344
234.105
231.698
229.391
227.094
224.809
222.535
220.357
218.104
215.948
213.802
211.665
209.709
207.931
206.160
204.479
203.139
201.555
199.975
198.568
197.164
195.848
194.454
193.228
192.250
191.436
190.625
189.896
189.410
188.925
188.522
188.200
187.958
187.716
187.394
187.073
186.832
186.511
185.870
185.070
184.272
183.475
182.680
181.728
180.778
179.910
178.965
178.023
177.083
176.301
175.600
174.899
174.355
173.890
173.502
173.346
173.424
173.812
174.666
175.833
177.318
179.281
181.570
184.033
186.593
189.493
192.576
195.602
198.651
201.305
203.809
206.244
208.184
209.964
211.665
213.117
214.315
215.431
216.378
217.240
218.017
218.536
219.055
219.402
219.575
219.575
219.229
218.623
217.758
216.550
215.174
213.630
212.007
210.474
208.862
207.256
205.823
204.479
203.223
202.055
201.055
200.390
199.726
199.229
199.229
199.395
199.975
201.055
202.305
203.977
205.992
208.185
210.474
212.861
215.260
217.413
219.490
221.662
223.845
225.774
227.358
228.771
230.099
231.431
232.498
233.122
233.568
233.747
233.836
233.836
233.479
233.122
232.854
232.498
232.231
231.874
231.518
231.252
230.897
230.365
229.744
229.036
228.152
227.270
226.126
224.721
223.495
222.098
220.183
218.018
215.776
213.374
210.814
208.185
205.403
202.639
200.059
197.330
194.454
191.519
188.604
185.871
183.078
180.306
177.710
175.444
173.426
171.572
170.035
168.733
167.665
166.752
165.917
165.161
164.481
163.878
163.201
162.525
161.776
160.954
160.208
159.390
158.500
157.686
156.948
156.285
155.698
155.111
154.671
154.379
154.306
154.379
154.671
155.257
155.991
157.022
158.130
159.391
160.880
162.376
163.954
165.615
167.209
168.734
170.188
171.572
172.806
173.734
174.433
175.132
175.678
175.989
176.223
176.379
176.535
176.692
176.770
176.770
176.770
176.848
176.848
176.770
176.848
176.926
176.926
177.005
177.005
177.083
177.161
177.161
177.083
176.848
176.613
176.379
176.145
175.678
175.054
174.510
174.045
173.579
172.883
172.110
171.571
171.032
170.494
170.110
169.727
169.574
169.651
169.880
170.341
171.032
172.188
173.580
175.133
177.084
179.202
181.412
183.953
186.673
189.654
192.984
196.672
200.641
204.817
208.948
212.947
216.983
220.793
224.283
227.447
230.277
232.676
234.731
236.433
237.872
238.863
239.314
239.495
239.405
238.953
238.052
236.883
235.447
233.658
231.698
229.391
226.918
224.458
221.837
219.056
216.034
213.117
210.220
207.171
204.395
201.888
199.478
197.165
194.864
192.739
190.869
189.169
187.637
186.271
184.990
183.873
182.918
182.045
181.332
180.778
180.305
179.831
179.358
178.965
178.808
178.651
178.337
178.101
178.101
178.101
178.022
178.022
177.944
177.866
177.709
177.474
177.239
176.926
176.535
175.989
175.444
174.977
174.510
173.967
173.347
172.728
171.957
171.186
170.494
169.727
169.038
168.198
167.360
166.600
165.766
164.934
164.029
163.126
162.225
161.327
160.432
159.613
158.871
158.130
157.317
156.506
155.698
154.891
154.014
153.211
152.484
151.613
150.817
150.096
149.304
148.586
147.941
147.369
146.869
146.370
145.873
145.375
144.950
144.455
143.960
143.467
143.115
142.904
142.693
142.622
142.763
143.115
143.608
144.243
145.164
146.157
147.226
148.586
149.952
151.614
153.576
155.478
157.613
160.061
162.601
165.086
167.742
170.572
173.348
175.990
178.416
180.858
183.317
185.711
188.120
190.463
192.576
194.536
196.423
198.071
199.478
200.723
201.804
202.722
203.557
204.479
205.150
205.570
205.991
206.243
206.496
206.580
206.496
206.328
205.822
205.150
204.311
203.390
202.471
201.222
199.809
198.319
196.752
195.192
193.555
192.087
190.787
189.572
188.683
187.958
187.234
186.752
186.431
186.030
185.710
185.230
184.431
183.714
182.839
181.728
180.541
179.202
177.867
176.458
174.900
173.271
171.649
170.035
168.428
166.905
165.313
163.728
162.151
160.507
158.871
157.244
155.625
154.233
152.920
151.613
150.456
149.376
148.442
147.726
147.297
147.155
147.226
147.655
148.514
149.808
151.541
153.649
156.066
158.798
161.703
164.558
167.514
170.342
172.884
175.211
177.318
179.281
181.095
182.760
184.272
185.791
187.396
188.845
190.220
191.599
192.820
193.799
194.699
195.683
196.505
197.081
197.493
197.741
197.989
198.154
198.236
198.319
198.319
198.319
198.402
198.484
198.649
198.815
198.815
198.815
198.815
198.732
198.567
198.236
197.741
197.081
196.258
195.273
194.045
192.739
191.436
190.058
188.684
187.315
185.951
184.671
183.395
182.283
181.490
180.778
179.989
179.358
179.123
179.123
179.280
179.831
180.858
182.363
184.352
186.753
189.492
192.413
195.274
198.072
200.723
203.391
205.824
207.762
209.455
210.984
212.262
213.373
214.401
215.259
216.033
216.464
216.722
216.981
217.153
216.981
216.464
215.947
215.259
214.230
213.031
211.750
210.389
208.777
207.003
205.319
203.642
201.972
200.142
198.319
196.670
195.027
193.391
191.762
190.220
188.684
187.234
185.871
184.511
183.316
182.203
181.016
179.832
178.808
177.866
176.926
175.911
174.899
173.890
172.806
171.649
170.418
169.192
168.122
167.056
165.918
164.858
163.728
162.675
161.627
160.506
159.465
158.500
157.539
156.580
155.771
154.891
154.086
153.430
152.702
151.976
151.396
151.034
150.745
150.528
150.528
150.889
151.686
153.066
155.038
157.688
161.030
164.785
168.965
173.661
178.418
183.160
187.719
192.008
196.178
200.143
203.810
207.087
210.050
212.690
215.260
217.672
219.837
221.836
223.670
225.422
227.182
228.682
230.188
231.608
232.855
234.283
235.446
236.523
237.692
238.683
239.676
240.580
241.214
242.030
242.938
243.484
243.666
243.666
243.666
243.848
244.213
244.577
244.943
245.490
246.039
246.771
247.504
248.147
248.974
249.894
251.185
252.294
253.406
254.798
256.194
257.687
259.278
260.684
262.001
263.320
264.454
265.400
266.063
266.727
267.202
267.392
267.582
267.677
267.677
267.867
268.247
268.819
269.200
269.486
270.249
270.918
271.683
272.545
273.312
274.177
275.139
275.909
276.584
277.357
277.646
277.743
278.033
278.323
278.323
278.129
277.839
277.163
276.102
274.850
273.312
271.396
269.391
267.487
265.589
263.698
261.718
259.746
258.061
256.567
254.892
253.128
251.647
250.355
249.066
247.871
246.863
246.039
245.217
243.849
242.575
241.486
240.037
238.683
237.242
235.716
234.283
232.944
231.786
230.897
230.365
230.009
229.832
229.921
230.365
231.075
231.786
232.765
233.836
234.909
236.344
238.052
239.766
241.577
243.393
244.943
246.222
247.321
248.146
248.606
248.606
248.055
247.321
246.314
245.125
243.940
242.485
240.852
239.405
238.232
237.152
236.254
235.715
235.715
236.433
237.602
238.683
239.585
240.489
241.395
242.211
242.665
243.029
243.484
243.939
244.395
244.760
245.034
245.308
245.764
246.313
246.771
247.504
248.422
249.066
249.802
250.724
251.462
252.109
252.664
253.220
254.148
255.449
257.221
259.465
262.095
265.212
268.343
271.397
274.370
277.067
279.292
281.234
282.986
284.059
284.743
284.841
284.547
283.961
282.693
280.845
278.614
276.199
273.793
271.301
268.819
266.633
264.738
263.132
261.531
260.121
258.903
257.593
256.474
255.449
254.426
253.406
252.572
252.017
251.646
251.646
251.831
252.109
252.479
252.757
252.850
252.664
252.202
251.647
251.000
250.355
249.894
249.433
248.790
247.963
247.138
246.313
245.399
244.486
243.484
242.393
241.123
239.676
238.322
236.793
235.178
233.569
231.698
229.922
228.153
226.038
223.845
221.836
219.836
217.845
216.034
214.402
212.690
211.069
209.624
208.269
207.002
205.739
204.731
203.892
203.223
202.722
202.387
202.387
202.554
202.889
203.474
204.144
204.898
205.823
206.833
208.015
209.370
210.644
212.007
213.630
215.174
216.550
218.191
219.836
221.401
223.058
224.634
226.126
227.623
229.036
230.542
232.053
233.390
234.730
235.984
237.062
238.052
239.134
240.037
240.851
241.667
242.211
242.665
242.756
242.574
242.393
242.121
241.576
241.032
240.670
239.947
239.224
238.592
237.782
236.793
235.715
234.819
234.015
233.300
232.676
232.231
232.142
232.142
232.320
232.498
232.676
233.033
233.300
233.747
234.641
235.984
237.692
239.676
241.940
244.123
245.948
247.780
249.526
250.816
252.109
253.499
255.078
256.941
258.810
260.779
262.849
264.927
266.918
268.724
270.154
271.396
272.353
273.025
273.600
273.792
273.792
273.888
273.696
273.504
273.504
273.600
273.888
274.273
274.754
275.427
276.295
277.260
278.420
279.389
280.165
280.942
281.817
282.596
282.986
283.181
283.278
283.083
282.596
281.720
280.650
279.486
278.130
276.777
275.331
273.985
272.737
271.683
270.727
269.677
268.914
268.152
267.392
266.917
266.347
265.684
264.926
264.170
263.415
262.660
262.095
261.530
261.248
260.966
260.778
260.684
260.402
260.121
259.840
259.558
259.371
259.277
259.089
258.902
258.715
258.528
258.435
258.341
258.341
258.528
258.622
258.622
258.809
258.995
258.995
258.995
258.995
258.809
258.248
257.500
256.567
255.635
254.891
254.055
253.128
252.387
251.739
251.277
250.908
250.447
249.986
249.525
248.974
248.238
247.412
246.405
245.308
244.031
242.757
241.395
239.766
238.232
236.703
235.089
233.569
232.231
230.897
229.567
228.241
227.182
226.214
225.071
224.194
223.407
222.446
221.487
220.530
219.489
218.623
217.930
217.240
216.550
216.033
215.603
215.002
214.487
214.143
213.801
213.544
213.459
213.288
213.117
213.117
213.202
213.459
213.801
214.229
214.572
214.744
214.916
215.088
215.174
215.174
215.174
215.259
215.174
214.744
214.229
213.459
212.263
210.899
209.370
207.593
205.739
203.810
201.972
200.225
198.485
196.999
195.684
194.372
193.146
192.005
190.868
189.815
188.684
187.476
186.191
184.831
183.396
181.807
180.226
178.573
176.849
175.133
173.503
171.957
170.418
168.963
167.437
165.767
164.105
162.526
160.731
158.722
156.949
155.258
153.504
151.686
149.952
148.371
146.941
145.518
144.032
142.763
141.641
140.523
139.548
138.785
138.093
137.541
137.058
136.645
136.439
136.371
136.302
136.165
136.096
135.959
135.890
135.890
135.822
135.822
135.822
135.822
135.822
135.753
135.685
135.616
135.616
135.616
135.547
135.479
135.410
135.342
135.342
135.479
135.616
135.753
136.096
136.576
137.058
137.679
138.231
138.716
139.270
139.756
140.105
140.453
140.592
140.453
140.174
139.756
139.132
138.370
137.472
136.371
135.275
134.251
133.298
132.350
131.539
130.933
130.463
130.127
129.792
129.525
129.525
129.792
130.194
130.732
131.337
131.944
132.756
133.706
134.659
135.685
136.922
138.371
140.106
142.132
144.457
147.013
149.737
152.776
156.067
159.541
163.127
166.830
170.650
174.513
178.338
181.888
185.232
188.443
191.275
193.718
195.931
197.742
199.230
200.557
201.554
202.221
202.805
203.390
203.976
204.311
204.563
204.982
205.234
205.402
205.570
205.570
205.654
205.738
205.654
205.486
205.234
204.731
203.809
202.639
201.222
199.478
197.412
195.110
192.576
190.058
187.396
184.671
181.967
179.281
176.693
174.046
171.572
169.345
167.285
165.388
163.728
162.301
161.178
160.134
159.242
158.648
157.982
157.391
156.874
156.285
155.624
154.891
154.087
153.139
152.194
151.107
149.951
148.873
147.655
146.513
145.376
144.173
143.044
141.921
140.663
139.479
138.370
137.265
136.096
134.864
133.706
132.553
131.473
130.530
129.525
128.457
127.527
126.732
125.940
125.149
124.559
124.035
123.643
123.446
123.316
123.381
123.643
124.101
124.887
125.940
127.262
128.858
130.733
132.825
135.070
137.473
139.967
142.413
144.739
146.942
148.945
150.746
152.339
153.649
154.671
155.404
155.991
156.506
156.874
157.022
157.022
156.948
156.800
156.432
156.065
155.918
155.624
155.184
154.671
154.086
153.575
152.920
152.193
151.468
150.601
149.807
148.944
148.013
147.155
146.299
145.447
144.526
143.538
142.623
141.711
140.732
139.757
138.854
138.024
137.196
136.302
135.411
134.591
133.774
132.959
132.215
131.472
130.597
129.726
128.857
127.925
126.930
125.874
124.756
123.643
122.601
121.433
120.272
119.245
118.159
117.140
116.253
115.495
114.803
114.113
113.426
112.741
112.119
111.562
111.067
110.574
110.144
109.714
109.285
108.918
108.674
108.552
108.430
108.369
108.308
108.186
108.004
107.822
107.700
107.518
107.276
107.093
106.972
106.791
106.610
106.429
106.188
105.947
105.646
105.346
105.047
104.747
104.448
104.150
103.852
103.554
103.316
103.020
102.724
102.428
102.132
101.897
101.720
101.544
101.249
100.897
100.605
100.371
100.078
99.728
99.322
98.973
98.683
98.336
97.989
97.643
97.298
97.011
96.782
96.552
96.380
96.152
95.867
95.696
95.582
95.411
95.184
94.957
94.787
94.674
94.504
94.334
94.221
94.052
93.826
93.601
93.432
93.264
93.095
92.871
92.591
92.424
92.312
92.256
92.200
92.200
92.312
92.424
92.647
93.039
93.432
93.939
94.561
95.241
96.038
96.896
97.875
98.858
99.846
100.722
101.485
102.310
103.139
103.912
104.568
105.166
105.888
106.610
107.337
108.187
109.102
110.144
111.253
112.554
114.051
115.749
117.904
120.596
123.775
127.530
131.813
136.374
141.155
145.947
150.604
155.040
159.021
162.527
165.464
167.742
169.268
170.341
170.955
171.109
171.109
170.802
170.264
169.651
169.191
168.580
167.817
167.208
166.448
165.539
164.707
163.803
162.751
161.552
160.209
158.723
157.023
155.185
153.212
151.107
148.802
146.443
144.103
141.712
139.410
137.266
135.207
133.231
131.338
129.459
127.726
126.138
124.560
122.992
121.498
120.079
118.605
117.267
116.064
114.804
113.489
112.058
110.698
109.409
108.005
106.672
105.467
104.270
103.199
102.310
101.544
100.839
100.195
99.612
99.089
98.741
98.509
98.278
98.047
97.816
97.643
97.643
97.758
97.989
98.394
98.915
99.671
100.664
101.603
102.606
103.853
105.047
106.189
107.276
108.187
108.918
109.592
110.205
110.697
111.067
111.315
111.500
111.624
111.809
111.933
111.933
111.995
112.119
112.243
112.616
113.426
114.679
116.507
119.119
122.473
126.272
130.265
134.185
137.888
141.292
144.245
146.585
148.371
149.808
150.817
151.323
151.686
151.758
151.468
151.034
150.600
150.240
149.735
149.231
148.801
148.514
148.370
148.299
148.442
148.873
149.519
150.240
151.107
152.048
153.066
154.087
155.185
156.359
157.539
158.796
160.060
161.403
162.826
164.331
166.070
167.970
169.958
172.266
174.667
177.006
179.359
181.729
184.033
186.191
188.362
190.463
192.413
194.291
195.848
197.247
198.567
199.643
200.390
200.888
200.971
200.722
200.390
199.726
198.733
197.494
196.013
194.291
192.332
190.139
187.798
185.311
182.760
180.227
177.632
175.055
172.421
169.729
167.057
164.331
161.478
158.501
155.552
152.558
149.521
146.514
143.539
140.594
137.749
134.934
132.149
129.527
126.998
124.560
122.212
119.887
117.713
115.812
114.052
112.368
110.822
109.409
108.188
107.095
106.128
105.346
104.687
104.090
103.673
103.435
103.139
102.842
102.665
102.546
102.546
102.724
102.961
103.317
103.912
104.688
105.587
106.611
107.762
109.041
110.452
111.934
113.552
115.181
116.887
118.861
120.982
123.252
125.743
128.459
131.339
134.388
137.543
140.734
143.891
147.014
149.953
152.703
155.405
157.908
160.209
162.376
164.557
166.752
168.886
171.033
173.271
175.601
178.102
180.779
183.556
186.674
190.303
194.210
198.238
202.557
207.596
213.291
218.972
224.461
229.481
233.659
236.793
238.773
240.037
240.579
240.579
240.398
239.856
239.314
238.773
238.052
237.512
237.062
236.433
235.895
235.715
235.984
236.612
237.422
238.503
239.585
240.580
241.395
242.030
242.393
242.302
242.211
242.030
241.486
240.851
240.398
239.947
239.495
239.133
238.772
238.592
238.322
237.872
237.512
237.062
236.523
235.895
234.999
234.015
233.033
231.964
230.720
229.390
228.064
226.390
224.808
223.407
221.923
220.531
219.229
217.759
216.120
214.659
213.202
211.750
210.219
208.777
207.424
205.991
204.647
203.307
201.971
200.640
199.395
198.319
197.164
196.012
195.109
194.290
193.554
192.983
192.575
192.330
192.249
192.657
193.391
194.372
195.602
197.000
198.650
200.308
201.888
203.391
204.731
205.991
207.086
207.846
208.353
208.692
208.776
208.522
208.100
207.592
207.086
206.496
205.991
205.570
205.150
204.898
204.815
204.898
204.982
205.150
205.318
205.402
205.738
205.906
205.906
205.991
205.906
205.570
205.402
205.402
205.234
204.898
204.479
204.143
203.808
203.474
203.056
202.554
202.054
201.554
201.138
200.888
200.639
200.390
200.224
200.058
200.058
200.224
200.556
200.805
201.138
201.887
202.638
203.558
204.815
206.159
207.509
208.862
210.304
212.007
213.888
215.776
217.586
219.403
221.314
223.146
224.721
226.126
227.623
229.036
230.187
231.253
232.320
233.390
234.194
234.909
235.626
236.074
236.523
237.062
237.422
237.782
238.052
238.322
238.592
238.592
238.412
237.782
236.972
235.984
234.730
233.479
231.876
230.011
227.976
225.862
223.758
221.227
218.451
215.604
212.690
209.541
206.161
202.890
199.562
196.096
192.740
189.412
185.952
182.443
179.046
175.602
172.190
168.963
165.767
162.601
159.466
156.434
153.504
150.674
147.942
145.235
142.694
140.245
137.956
135.754
133.571
131.540
129.660
127.859
126.072
124.429
122.796
121.240
119.822
118.478
117.267
116.190
115.181
114.177
113.239
112.368
111.685
111.191
110.759
110.512
110.451
110.574
111.067
111.934
113.365
115.434
118.224
121.955
126.406
131.477
137.202
143.332
149.453
155.409
161.032
166.072
170.574
174.590
178.024
180.779
183.078
184.990
186.431
187.637
188.522
189.087
189.572
189.977
190.381
190.868
191.355
191.761
192.168
192.656
193.228
193.799
194.371
195.109
195.847
196.670
197.659
198.567
199.643
200.806
201.971
203.307
204.563
205.823
207.086
208.269
209.455
210.729
212.092
213.373
214.659
215.948
217.327
218.709
220.270
222.272
224.546
227.095
229.922
233.123
236.524
239.586
242.394
244.852
246.497
247.412
247.779
247.412
246.496
245.399
243.667
241.486
239.315
237.153
234.999
232.944
231.075
229.567
228.417
227.446
227.006
226.829
226.653
226.829
226.917
226.917
226.829
226.477
226.037
225.422
224.808
224.020
223.145
222.359
221.574
221.052
220.704
220.183
219.575
219.055
218.450
217.844
217.067
216.205
215.431
214.316
213.031
211.665
210.219
208.693
206.918
205.235
203.558
201.805
199.976
198.071
196.341
194.536
192.657
190.788
188.846
186.913
185.070
183.157
181.254
179.517
177.710
176.068
174.667
173.193
171.803
170.802
170.110
169.651
169.498
169.727
170.110
170.725
171.803
173.038
174.433
176.068
177.867
179.596
181.175
182.760
184.112
185.470
186.913
188.039
188.926
189.653
190.219
190.787
191.192
191.355
191.436
191.355
191.192
190.949
190.624
190.219
189.815
189.572
189.410
189.329
189.410
189.653
189.977
190.381
190.624
190.868
191.274
191.599
191.924
192.168
192.249
192.330
192.493
192.656
192.738
192.820
192.983
193.228
193.554
193.799
194.044
194.290
194.535
194.945
195.519
196.094
196.917
198.154
199.395
200.723
202.389
204.145
206.076
208.100
210.134
212.434
214.659
216.895
219.490
222.098
224.546
226.918
229.213
231.342
233.390
235.268
236.883
238.322
239.585
240.942
242.121
242.847
243.484
244.030
244.304
244.486
244.577
244.577
244.577
244.669
244.760
244.851
244.943
244.943
244.760
244.304
243.393
242.212
240.762
238.864
236.883
234.641
231.964
229.214
226.390
223.496
220.358
216.982
213.717
210.559
207.340
204.061
200.890
197.742
194.700
191.763
189.007
186.192
183.476
181.095
178.573
175.990
173.658
171.418
169.345
167.437
165.615
164.029
162.526
161.029
159.688
158.574
157.539
156.507
155.551
154.745
154.159
153.648
153.139
152.775
152.629
152.702
152.847
153.284
154.013
155.038
156.286
157.761
159.614
161.627
163.803
166.146
168.504
170.957
173.503
175.912
178.338
180.779
183.158
185.630
187.959
190.139
192.250
194.127
195.848
197.412
198.816
200.224
201.554
202.638
203.641
204.479
205.150
205.738
206.243
206.749
207.170
207.508
207.846
208.184
208.353
208.353
208.607
208.945
209.115
209.200
209.285
209.539
209.709
209.794
210.049
210.134
210.218
210.388
210.303
210.303
210.388
210.388
210.473
210.473
210.473
210.643
210.813
211.069
211.495
211.836
212.177
212.774
213.459
214.144
214.830
215.689
216.722
217.758
218.969
220.444
222.098
223.845
225.686
227.446
228.947
230.276
231.430
232.142
232.409
232.409
232.231
232.053
231.608
230.986
230.365
229.567
228.594
227.446
225.950
224.370
222.796
220.966
219.143
217.241
215.174
213.031
210.985
208.947
206.581
204.144
201.722
199.147
196.424
193.637
190.869
188.040
185.311
182.681
180.069
177.710
175.289
172.884
170.725
168.581
166.525
164.481
162.601
160.731
158.871
157.170
155.332
153.504
151.831
150.240
148.657
147.297
146.086
145.021
144.172
143.537
143.255
143.326
143.749
144.526
145.873
147.584
149.592
152.049
154.819
157.688
160.583
163.578
166.450
169.039
171.340
173.348
175.289
177.161
178.808
180.305
181.649
182.839
183.873
184.750
185.470
186.110
186.592
186.913
187.314
187.636
187.716
187.716
187.636
187.314
186.832
186.270
185.470
184.431
183.475
182.442
181.332
180.383
179.438
178.651
178.101
177.553
177.161
177.005
176.926
176.926
176.848
176.770
176.613
176.457
176.301
175.911
175.522
175.132
174.666
174.200
173.734
173.270
172.728
172.110
171.417
170.802
170.341
169.957
169.727
169.651
169.574
169.498
169.727
170.187
170.802
171.726
172.806
173.890
175.133
176.536
178.024
179.596
181.254
182.998
184.831
186.913
189.169
191.518
194.209
197.000
199.644
202.138
204.480
207.002
209.455
211.580
213.630
215.604
217.154
218.450
219.228
219.488
219.575
219.055
218.103
216.809
215.174
213.288
211.069
208.693
206.076
203.391
200.557
197.412
194.291
191.032
187.557
184.193
180.938
177.632
174.357
171.188
168.048
165.086
162.227
159.317
156.434
153.650
150.963
148.300
145.803
143.327
140.733
138.163
135.754
133.435
131.136
129.058
127.130
125.150
123.253
121.499
119.822
118.222
116.760
115.433
114.240
113.053
111.934
110.945
110.082
109.347
108.674
108.126
107.640
107.276
107.033
106.791
106.610
106.490
106.429
106.429
106.429
106.490
106.671
106.973
107.458
108.126
108.980
110.144
111.562
113.240
115.245
117.650
120.596
123.972
127.729
131.745
136.100
140.596
145.025
149.379
153.432
157.171
160.433
163.277
165.691
167.513
168.963
170.034
170.879
171.571
172.033
172.419
172.728
173.115
173.579
174.200
175.055
176.068
177.396
178.808
180.384
182.283
184.193
186.191
188.362
190.788
193.310
195.766
198.403
200.973
203.391
205.908
208.354
210.644
212.861
214.916
216.722
218.277
219.836
221.226
222.534
223.845
224.896
225.950
226.917
227.799
228.771
229.567
230.187
230.720
230.897
230.897
230.808
230.542
230.187
229.921
229.744
229.478
229.124
229.036
229.124
229.036
228.947
228.859
228.682
228.328
227.975
227.711
227.094
226.389
225.774
224.983
224.544
224.282
223.932
223.845
223.932
224.194
224.545
224.808
224.896
224.808
224.370
223.670
222.796
221.662
220.357
218.796
217.068
215.260
213.545
212.092
210.559
209.116
207.762
206.580
205.655
204.731
203.809
202.972
202.221
201.388
200.556
199.809
199.146
198.402
197.658
196.917
196.176
195.437
194.535
193.636
192.820
192.086
191.355
190.544
189.815
189.248
188.845
188.442
187.958
187.636
187.475
187.314
187.154
187.154
187.154
187.073
186.913
186.592
186.190
185.710
185.150
184.431
183.714
182.998
182.283
181.569
180.936
180.305
179.595
179.123
178.730
178.258
177.709
177.318
177.083
177.005
177.005
177.239
177.787
178.415
179.280
180.305
181.411
182.601
183.953
185.310
186.592
187.878
189.088
190.382
191.843
193.228
194.700
196.176
197.742
199.312
200.723
202.389
204.145
205.992
208.185
210.815
213.716
216.810
220.011
223.059
225.950
228.683
231.253
233.390
235.358
237.242
238.773
240.309
242.031
243.667
245.125
246.771
248.514
250.171
251.925
253.684
255.357
256.940
258.248
259.183
259.840
260.027
259.746
259.090
257.874
256.101
254.055
251.832
249.159
246.223
243.212
240.129
236.973
233.569
230.011
226.478
222.971
219.317
215.519
211.752
207.932
203.978
199.977
195.932
192.007
188.282
184.593
180.938
177.476
174.202
171.111
168.124
165.162
162.451
159.837
157.318
154.965
152.630
150.457
148.442
146.514
144.668
142.834
141.082
139.480
138.025
136.578
135.138
133.843
132.689
131.607
130.530
129.525
128.657
127.858
127.063
126.335
125.610
124.887
124.231
123.643
123.186
122.666
122.210
121.886
121.563
121.433
121.433
121.627
122.146
122.991
124.232
126.072
128.458
131.339
134.798
138.580
142.696
147.015
151.181
155.187
158.947
162.302
165.237
167.818
170.111
172.189
173.890
175.211
176.380
177.318
177.944
178.494
178.965
179.201
179.201
179.044
178.808
178.415
177.944
177.396
176.770
176.067
175.288
174.510
173.734
172.960
172.111
171.263
170.494
169.651
168.809
168.122
167.512
166.904
166.448
166.145
165.993
166.145
166.524
167.208
167.970
168.886
170.111
171.340
172.574
173.890
175.211
176.302
177.161
178.023
178.887
179.437
179.989
180.620
181.094
181.569
182.045
182.680
183.236
183.634
184.032
184.191
184.191
184.271
184.191
183.873
183.554
183.156
182.759
182.283
181.728
181.252
180.699
180.147
179.595
178.965
178.258
177.396
176.536
175.678
174.666
173.580
172.497
171.340
169.958
168.580
167.133
165.464
163.803
162.076
160.283
158.501
156.728
154.892
153.066
151.252
149.520
147.870
146.229
144.809
143.538
142.412
141.291
140.244
139.410
138.646
137.955
137.334
136.852
136.508
136.233
136.096
135.959
135.822
135.822
135.822
135.890
136.028
136.371
137.058
137.817
138.646
139.757
141.012
142.272
143.609
145.093
146.585
148.085
149.736
151.469
153.139
154.818
156.581
158.353
160.060
161.702
163.276
164.708
166.070
167.361
168.580
169.727
170.802
171.725
172.497
173.270
173.890
174.433
174.977
175.366
175.678
175.833
175.833
175.755
175.522
175.054
174.355
173.657
172.960
172.111
171.186
170.264
169.421
168.656
167.817
166.904
166.069
165.312
164.556
163.802
163.126
162.600
162.075
161.551
161.177
160.804
160.432
160.134
159.836
159.612
159.464
159.316
159.167
159.167
159.316
159.538
159.836
160.134
160.506
160.953
161.476
162.001
162.525
163.126
163.802
164.481
165.161
165.766
166.372
166.980
167.588
168.122
168.351
168.656
168.885
168.962
169.038
169.115
169.115
169.115
169.115
169.038
168.885
168.579
168.198
167.665
166.980
166.221
165.236
164.029
162.751
161.403
159.911
158.279
156.581
154.892
153.212
151.468
149.808
148.156
146.585
145.093
143.609
142.132
140.524
138.993
137.541
136.165
134.865
133.502
132.215
130.934
129.726
128.591
127.461
126.401
125.347
124.362
123.383
122.470
121.627
120.723
119.886
119.180
118.413
117.585
116.886
116.316
115.811
115.306
114.866
114.489
114.051
113.738
113.488
113.176
112.927
112.741
112.554
112.430
112.368
112.243
112.119
111.995
111.933
111.871
111.809
111.871
112.057
112.368
112.865
113.551
114.365
115.307
116.316
117.521
118.860
120.272
121.758
123.122
124.429
125.808
127.262
128.591
129.861
131.068
132.147
133.230
134.251
135.275
136.233
137.127
138.024
138.924
139.826
140.732
141.711
142.623
143.538
144.597
145.660
146.656
147.727
148.945
150.457
152.267
154.307
156.581
159.243
162.152
165.162
168.505
172.112
175.601
179.046
182.363
185.391
188.362
190.869
192.902
194.781
196.341
197.494
198.484
199.229
199.643
199.975
200.307
200.722
201.305
201.804
202.388
203.056
203.893
204.815
205.823
207.002
208.100
209.200
210.304
211.495
212.689
213.715
214.572
215.345
215.947
216.378
216.722
216.895
216.636
216.119
215.689
215.002
213.973
212.945
211.580
209.879
208.269
206.496
204.563
202.555
200.557
198.568
196.423
194.291
192.250
190.220
188.119
186.111
184.272
182.442
180.621
178.887
177.161
175.444
173.890
172.420
170.955
169.574
168.199
166.980
165.918
164.783
163.802
163.050
162.300
161.551
160.879
160.357
159.985
159.910
160.208
160.879
162.001
163.426
165.236
167.513
170.035
172.575
175.133
177.631
179.990
182.124
183.874
185.230
186.191
186.832
187.073
186.832
186.431
185.790
185.070
184.431
183.714
182.998
182.362
181.886
181.490
181.015
180.620
180.305
179.831
179.201
178.494
177.866
177.005
175.911
174.899
174.045
173.115
172.188
171.340
170.494
169.804
169.115
168.427
167.817
167.284
166.828
166.297
165.917
165.690
165.387
165.161
165.009
164.858
164.858
165.009
165.161
165.387
165.690
165.993
166.372
166.752
167.132
167.436
167.665
168.046
168.351
168.579
168.885
169.115
169.115
169.038
169.038
169.115
169.115
168.885
168.579
168.198
167.741
167.284
166.828
166.372
165.766
165.161
164.783
164.330
163.802
163.351
162.825
162.300
161.552
160.581
159.688
158.796
157.760
156.580
155.405
154.233
153.066
151.831
150.673
149.520
148.371
147.297
146.228
145.164
144.032
142.764
141.501
140.244
138.993
137.748
136.509
135.275
133.979
132.689
131.405
130.195
129.057
127.859
126.599
125.412
124.297
123.187
122.082
121.110
120.079
118.988
117.967
117.077
116.253
115.433
114.678
113.926
113.301
112.741
112.119
111.562
111.129
110.697
110.267
109.837
109.346
108.918
108.552
108.126
107.700
107.336
106.973
106.671
106.490
106.248
106.007
105.767
105.466
105.286
105.106
104.927
104.807
104.627
104.329
104.031
103.792
103.554
103.316
103.079
102.842
102.546
102.250
102.015
101.838
101.661
101.426
101.190
100.897
100.605
100.312
99.962
99.554
99.089
98.625
98.163
97.701
97.241
96.782
96.324
95.867
95.411
95.014
94.617
94.334
94.221
94.164
94.334
94.731
95.298
95.981
96.839
97.875
99.032
100.313
101.603
102.902
104.389
106.069
107.883
110.023
112.618
115.687
119.569
124.499
130.201
136.584
143.545
150.753
157.915
164.713
171.192
177.322
182.922
187.961
192.333
196.260
199.562
202.222
204.396
206.160
207.677
208.861
209.879
210.728
211.410
212.091
212.774
213.544
214.315
215.088
215.861
216.636
217.499
218.363
219.142
219.923
220.617
221.052
221.487
221.836
221.662
221.313
221.226
220.791
220.009
219.229
218.277
217.154
216.034
215.002
213.887
212.604
211.239
209.794
208.269
206.581
204.815
203.139
201.221
199.147
197.082
194.782
192.413
190.058
187.476
184.831
182.205
179.596
176.928
174.201
171.495
168.886
166.374
163.879
161.403
158.798
156.140
153.577
151.035
148.587
146.229
143.891
141.642
139.410
137.266
135.275
133.367
131.608
129.995
128.458
127.129
126.072
125.215
124.624
124.493
124.755
125.281
126.204
127.660
129.526
131.811
134.730
138.303
142.486
147.015
151.616
156.215
160.359
163.729
166.373
168.199
169.191
169.651
169.651
169.344
168.962
168.579
168.503
168.732
169.191
169.804
170.648
171.648
172.651
173.657
174.588
175.444
176.302
177.161
177.945
178.651
179.359
179.989
180.383
180.699
181.015
181.252
181.331
181.252
181.173
181.094
180.936
180.778
180.699
180.699
180.778
180.936
181.252
181.886
182.600
183.395
184.511
185.871
187.396
189.169
191.112
193.474
196.177
199.064
202.055
205.152
208.524
211.922
215.347
218.797
222.099
225.424
229.126
232.767
236.255
239.677
242.758
245.308
247.413
248.974
249.894
250.262
249.710
248.606
247.229
245.491
243.485
241.395
239.044
236.614
234.373
232.053
229.745
227.623
225.774
223.933
222.011
220.096
218.104
215.948
213.802
211.496
208.947
206.497
204.144
201.805
199.312
196.753
194.209
191.519
188.846
186.271
183.794
181.254
178.730
176.380
174.046
171.649
169.345
167.285
165.313
163.352
161.403
159.465
157.465
155.478
153.650
151.831
149.952
148.156
146.514
144.951
143.397
141.851
140.453
139.202
138.024
136.921
135.890
135.001
134.250
133.638
133.163
132.823
132.620
132.620
132.823
133.095
133.570
134.250
135.138
136.371
137.886
139.688
141.852
144.315
146.799
149.520
152.558
155.552
158.576
161.628
164.406
166.981
169.345
171.495
173.348
174.744
175.833
177.005
178.023
178.730
179.437
179.989
180.462
181.174
182.045
182.918
183.953
185.310
187.235
189.330
191.518
194.127
197.165
200.557
204.061
207.678
211.582
215.433
218.970
222.448
225.863
229.480
233.123
236.434
239.496
242.121
244.214
246.131
247.780
248.974
249.986
250.908
251.739
252.387
253.035
253.591
253.869
254.148
254.426
254.519
254.519
254.426
254.241
253.869
253.313
252.479
251.554
250.816
249.802
248.606
247.596
246.497
245.399
244.304
243.120
241.939
240.851
239.676
238.322
236.793
235.178
233.747
232.142
230.188
228.241
226.390
224.371
222.185
219.836
217.413
214.917
212.348
209.795
207.171
204.563
202.055
199.561
197.082
194.618
192.169
189.734
187.315
184.831
182.363
179.911
177.397
174.978
172.575
170.188
167.818
165.540
163.427
161.253
159.168
157.317
155.551
154.014
152.775
151.686
150.745
149.951
149.375
148.873
148.586
148.657
148.801
149.088
149.519
150.168
151.107
151.976
152.847
153.795
154.598
155.404
156.212
157.096
157.908
158.574
159.242
159.836
160.208
160.506
160.953
161.252
161.551
161.926
162.225
162.375
162.375
162.450
162.525
162.525
162.450
162.450
162.450
162.375
162.300
162.150
161.926
161.626
161.178
160.655
160.208
159.687
159.093
158.574
158.130
157.612
156.948
156.359
155.844
155.184
154.452
153.794
153.211
152.629
152.120
151.686
151.323
151.106
150.961
151.034
151.179
151.323
151.396
151.541
151.976
152.193
152.265
152.483
152.775
152.847
152.847
152.993
152.993
152.847
152.847
152.920
152.847
152.775
152.847
152.993
153.211
153.430
153.648
154.013
154.525
155.037
155.771
156.654
157.539
158.574
159.688
161.029
162.526
164.029
165.615
167.437
169.345
171.263
173.116
174.900
176.536
177.788
178.651
179.044
179.044
178.651
177.866
176.771
175.367
173.890
172.420
170.879
169.574
168.504
167.588
166.752
165.917
165.236
164.707
164.254
163.802
163.276
162.750
162.075
161.253
160.506
159.613
158.574
157.539
156.360
155.184
154.160
153.211
152.266
151.251
150.312
149.376
148.442
147.655
146.869
146.015
145.163
144.455
143.819
143.044
142.342
141.711
141.011
140.383
139.826
139.270
138.716
138.093
137.403
136.646
135.890
135.206
134.591
133.978
133.298
132.688
132.215
131.877
131.742
131.809
132.147
132.688
133.366
134.319
135.480
136.784
138.301
140.106
142.062
144.103
146.229
148.371
150.457
152.485
154.599
156.802
158.945
161.104
163.202
165.161
166.981
168.657
170.342
171.726
172.883
174.045
175.055
175.911
176.535
177.005
177.396
177.709
177.866
177.866
177.866
177.709
177.553
177.553
177.396
177.161
176.926
176.770
176.770
176.848
177.083
177.396
177.866
178.572
179.595
180.699
181.886
183.236
184.431
185.630
186.832
187.878
188.845
189.653
190.463
191.355
192.331
193.554
194.863
196.423
198.485
200.723
202.889
205.066
207.171
209.116
210.814
212.263
213.459
214.487
215.259
215.517
215.689
215.775
215.345
214.572
213.544
212.092
210.304
208.438
206.581
204.563
202.222
199.976
197.659
195.356
193.310
191.031
188.765
186.752
184.751
182.839
181.095
179.360
177.788
176.380
174.900
173.580
172.497
171.417
170.341
169.344
168.503
167.817
167.056
166.221
165.614
165.236
164.934
164.632
164.405
164.179
163.953
163.802
163.577
163.276
162.975
162.675
162.225
161.626
161.103
160.432
159.613
158.871
158.056
157.169
156.285
155.477
154.671
153.868
153.066
152.338
151.758
151.179
150.745
150.384
150.168
149.951
149.807
149.951
150.168
150.528
151.034
151.613
152.120
152.702
153.430
154.233
154.964
155.624
156.359
157.022
157.612
158.130
158.500
158.796
159.093
159.316
159.538
159.761
159.836
159.910
160.059
160.059
160.134
160.283
160.283
160.432
160.655
160.730
160.655
160.581
160.655
160.581
160.432
160.357
160.208
160.059
159.985
160.059
160.134
159.910
159.687
159.538
159.242
158.945
158.796
158.945
159.242
159.613
160.134
160.954
162.151
163.652
165.540
167.742
170.265
172.961
175.835
178.967
181.967
184.752
187.476
190.139
192.739
195.273
197.577
199.478
201.139
202.722
204.144
205.318
206.496
207.593
208.353
209.031
209.624
209.964
210.134
210.134
209.794
209.200
208.438
207.424
206.076
204.731
203.474
201.972
200.308
198.568
196.835
195.109
193.310
191.436
189.492
187.637
185.711
183.714
181.728
179.753
177.789
175.756
173.735
171.726
169.728
167.741
165.767
163.879
162.076
160.208
158.353
156.581
154.819
153.066
151.469
149.952
148.443
147.084
145.802
144.597
143.467
142.412
141.361
140.523
139.826
139.062
138.439
137.885
137.403
136.920
136.439
135.959
135.547
135.205
134.932
134.796
134.659
134.591
134.659
134.932
135.411
136.028
136.852
137.886
139.132
140.593
142.343
144.385
146.656
149.017
151.542
154.161
156.728
159.242
161.627
163.954
166.070
168.046
169.881
171.418
172.728
173.967
175.133
175.989
176.770
177.631
178.337
178.808
179.280
179.910
180.541
181.332
182.203
183.157
184.432
185.871
187.396
189.169
191.031
192.984
194.945
197.000
199.064
200.806
202.556
204.060
205.403
206.918
208.438
209.879
211.154
212.348
213.802
215.346
216.722
218.190
219.923
221.836
223.582
225.247
227.006
228.506
229.567
230.453
231.252
231.696
232.053
232.498
232.765
233.122
233.657
234.194
234.641
235.088
235.536
235.984
236.254
236.254
236.074
235.626
234.998
234.194
233.122
231.875
230.542
228.947
227.094
224.984
222.622
220.097
217.327
214.487
211.411
207.932
204.564
201.140
197.660
194.291
190.788
187.316
183.954
180.622
177.319
174.201
171.188
168.276
165.464
162.676
159.912
157.171
154.600
152.194
149.808
147.584
145.447
143.468
141.711
140.035
138.578
137.265
136.165
135.138
134.182
133.366
132.688
132.147
131.674
131.337
131.068
130.866
130.866
131.001
131.270
131.742
132.350
133.163
134.251
135.480
136.784
138.440
140.314
142.132
143.961
145.802
147.655
149.520
151.324
152.993
154.598
155.918
157.096
158.278
159.242
159.985
160.581
161.253
161.776
162.075
162.450
162.749
162.825
162.900
163.050
163.050
162.900
162.749
162.525
162.225
161.701
161.028
160.357
159.613
158.871
158.130
157.317
156.433
155.551
154.818
154.233
153.721
153.357
153.139
153.066
153.357
154.013
154.745
155.698
156.727
157.760
158.871
159.985
161.104
162.150
163.050
163.878
164.632
165.463
166.448
167.360
168.274
169.344
170.572
171.957
173.348
174.822
176.458
178.102
179.753
181.570
183.475
185.470
187.637
189.815
192.169
194.454
196.670
198.733
200.474
202.138
203.474
204.731
205.907
206.749
207.508
208.184
208.607
208.776
208.776
208.607
208.438
208.100
207.592
206.917
206.159
205.402
204.563
203.725
202.889
202.054
201.055
199.892
198.815
197.741
196.587
195.273
193.637
191.925
190.220
188.361
186.432
184.512
182.522
180.463
178.259
176.146
174.201
172.111
170.035
167.970
165.994
164.180
162.376
160.581
158.797
157.096
155.405
153.722
152.122
150.529
148.873
147.369
146.015
144.668
143.327
141.991
140.802
139.688
138.646
137.679
136.783
135.959
135.206
134.523
133.978
133.638
133.298
133.027
133.027
133.027
133.163
133.570
134.114
134.864
135.822
137.059
138.509
140.245
142.343
144.739
147.299
150.097
153.286
156.582
159.912
163.052
166.146
169.269
172.189
175.056
177.710
180.227
182.601
184.831
187.154
189.492
191.762
193.964
196.259
198.650
201.056
203.558
206.245
209.201
212.263
215.346
218.364
221.140
223.408
225.511
227.535
229.302
230.986
232.409
233.568
234.730
235.895
236.972
237.962
238.863
239.585
240.218
240.942
241.304
241.304
241.214
241.214
241.123
240.942
240.851
240.942
241.123
241.032
241.032
241.123
240.942
240.760
240.670
240.398
240.218
239.947
239.676
239.585
239.224
238.862
238.502
238.142
237.782
237.241
236.702
236.254
235.626
234.819
234.104
233.300
232.409
231.519
230.542
229.567
228.682
227.623
226.477
225.422
224.283
223.145
221.836
220.270
218.796
217.154
215.346
213.716
212.007
210.134
208.269
206.328
204.396
202.389
200.308
198.237
196.094
193.964
191.762
189.492
187.235
184.991
182.760
180.463
178.259
176.224
174.123
171.957
169.958
168.046
166.070
164.331
162.751
161.253
160.060
159.167
158.426
157.908
157.686
157.612
157.686
158.130
158.796
159.390
160.134
161.029
161.926
162.750
163.652
164.707
165.690
166.524
167.284
168.122
168.885
169.421
169.727
170.187
170.648
170.879
171.109
171.340
171.494
171.571
171.571
171.571
171.571
171.494
171.417
171.340
171.186
170.955
170.802
170.571
170.340
170.034
169.804
169.651
169.421
169.268
169.038
168.808
168.656
168.503
168.503
168.656
168.808
169.115
169.574
170.110
170.802
171.648
172.497
173.425
174.355
175.132
175.833
176.457
176.926
177.239
177.631
178.022
178.337
178.651
179.044
179.437
179.910
180.620
181.570
182.600
183.634
184.910
186.351
188.039
189.896
191.761
193.964
196.341
198.567
200.890
203.140
205.235
207.171
208.777
210.219
211.495
212.518
213.544
214.401
215.002
215.431
215.603
215.517
215.174
214.658
213.630
212.177
210.474
208.523
206.328
204.144
201.888
199.395
196.918
194.372
191.925
189.572
187.155
184.751
182.363
180.068
177.710
175.366
173.193
171.033
168.886
166.829
164.783
162.751
160.805
158.945
157.170
155.258
153.431
151.686
149.880
148.156
146.585
145.093
143.609
142.132
140.593
139.271
138.163
136.990
135.822
134.864
133.978
133.163
132.485
131.809
131.202
130.732
130.262
129.659
129.124
128.590
128.058
127.593
127.062
126.599
126.203
125.873
125.544
125.215
125.018
124.886
124.821
124.886
125.018
125.281
125.741
126.269
126.930
127.858
129.058
130.531
132.215
134.251
136.715
139.480
142.554
145.946
149.521
153.141
156.729
160.210
163.428
166.222
168.734
170.956
172.961
174.667
176.068
177.318
178.415
179.280
179.752
180.383
181.094
181.569
182.045
182.362
182.679
182.997
183.156
183.236
183.236
183.236
183.236
183.236
183.236
183.316
183.475
183.634
183.873
184.271
184.830
185.470
186.191
187.234
188.522
189.896
191.518
193.473
195.520
197.577
199.727
202.055
204.564
207.002
209.455
211.836
213.973
215.862
217.326
218.363
218.882
218.882
218.623
217.931
216.722
215.431
213.888
211.922
209.794
207.424
204.983
202.389
199.644
197.000
194.290
191.519
188.765
186.031
183.237
180.385
177.632
174.978
172.343
169.652
167.133
164.859
162.751
160.656
158.649
156.949
155.405
154.087
152.993
151.903
150.818
149.879
149.088
148.442
147.869
147.369
147.012
146.655
146.370
146.157
145.944
145.873
145.802
145.589
145.375
145.233
145.021
144.667
144.243
143.819
143.326
142.693
141.991
141.221
140.314
139.202
138.093
137.059
135.754
134.387
133.095
131.877
130.732
129.525
128.391
127.460
126.666
126.071
125.807
125.741
126.005
126.666
127.527
128.658
130.062
131.675
133.367
135.070
136.853
138.578
140.244
141.851
143.327
144.739
145.944
147.012
148.013
148.873
149.591
150.096
150.456
150.745
150.889
150.889
150.745
150.384
149.951
149.447
148.873
148.299
147.655
146.869
146.015
145.234
144.455
143.608
142.904
142.271
141.571
141.011
140.453
139.896
139.548
139.270
139.062
138.924
138.716
138.508
138.439
138.300
138.023
137.885
137.679
137.334
136.989
136.645
136.233
135.822
135.479
135.069
134.659
134.182
133.706
133.230
132.756
132.350
132.012
131.607
131.269
131.068
130.799
130.530
130.262
129.859
129.258
128.723
128.324
127.858
127.327
126.864
126.401
125.873
125.281
124.690
124.101
123.512
123.056
122.470
121.757
121.110
120.465
119.822
119.244
118.604
117.903
117.267
116.632
116.000
115.432
114.929
114.364
113.863
113.426
113.051
112.678
112.368
112.119
111.809
111.562
111.315
111.006
110.697
110.451
110.144
109.775
109.346
108.796
108.187
107.640
107.094
106.490
105.887
105.346
104.807
104.210
103.614
103.079
102.546
102.073
101.720
101.367
101.073
100.780
100.429
100.137
99.845
99.554
99.322
99.147
99.031
98.857
98.682
98.567
98.451
98.336
98.163
97.989
97.874
97.758
97.701
97.701
97.816
98.047
98.278
98.625
99.089
99.554
100.020
100.429
100.722
100.956
101.132
101.249
101.308
101.249
101.308
101.426
101.485
101.603
101.779
101.897
102.015
102.191
102.369
102.546
102.665
102.783
102.783
102.783
102.902
103.020
103.020
103.020
103.020
102.961
102.961
102.961
102.961
102.961
103.020
103.079
103.020
103.020
103.020
102.902
102.902
103.020
103.020
102.961
102.902
102.842
102.842
102.783
102.783
102.783
102.783
102.783
102.724
102.724
102.783
102.961
103.139
103.316
103.614
103.912
104.269
104.627
104.927
105.226
105.466
105.646
105.826
106.128
106.429
106.731
106.972
107.215
107.518
107.822
108.125
108.430
108.674
108.857
109.041
109.163
109.102
108.918
108.674
108.248
107.700
107.094
106.550
106.007
105.346
104.568
103.852
103.257
102.665
102.133
101.720
101.308
100.897
100.605
100.488
100.546
100.663
100.839
101.132
101.544
102.015
102.487
103.020
103.554
104.031
104.448
104.807
105.106
105.226
105.226
105.106
104.987
104.867
104.627
104.329
103.971
103.554
102.961
102.369
101.838
101.191
100.488
99.671
98.799
97.932
97.011
96.096
95.185
94.391
93.601
92.815
92.145
91.532
91.032
90.645
90.369
90.203
90.093
90.093
90.203
90.369
90.645
90.921
91.199
91.532
91.977
92.424
92.815
93.320
93.770
94.221
94.787
95.355
95.867
96.438
96.954
97.471
98.047
98.509
98.973
99.554
100.137
100.546
101.015
101.603
102.133
102.665
103.139
103.554
103.971
104.388
104.807
105.166
105.466
105.706
106.067
106.429
106.731
107.094
107.518
108.065
108.674
109.408
110.144
110.821
111.562
112.368
113.177
113.863
114.427
114.929
115.369
115.684
115.873
116.000
116.063
116.000
115.937
115.937
115.937
115.810
115.621
115.495
115.369
115.306
115.369
115.369
115.306
115.369
115.495
115.621
115.747
115.937
116.253
116.632
117.013
117.394
117.903
118.413
118.860
119.308
119.693
120.015
120.208
120.272
120.143
119.822
119.372
118.796
118.031
117.140
116.190
115.055
113.801
112.430
110.945
109.531
108.066
106.611
105.167
103.734
102.370
101.075
99.846
98.568
97.357
96.210
95.128
94.222
93.489
92.871
92.312
91.865
91.476
91.143
90.921
90.700
90.479
90.258
90.093
90.038
89.983
89.872
89.817
89.762
89.652
89.597
89.597
89.543
89.433
89.323
89.214
89.104
88.995
88.830
88.612
88.394
88.122
87.904
87.741
87.524
87.307
87.037
86.767
86.551
86.335
86.228
86.228
86.282
86.443
86.767
87.307
88.013
88.886
89.873
91.033
92.313
93.545
94.844
96.096
97.241
98.336
99.438
100.488
101.426
102.429
103.615
104.808
106.008
107.337
108.675
110.083
111.562
112.990
114.428
115.875
117.204
118.541
120.080
121.693
123.252
124.822
126.468
128.258
130.263
132.282
134.320
136.646
139.133
141.782
144.598
147.514
150.602
153.942
157.615
161.329
164.860
168.429
171.958
175.446
178.967
182.205
185.071
187.718
190.139
192.332
194.209
195.684
196.999
197.989
198.732
199.312
199.477
199.395
199.146
198.732
198.154
197.247
196.176
194.945
193.391
191.762
190.058
188.119
186.111
184.272
182.204
179.989
177.789
175.600
173.348
171.033
168.810
166.677
164.481
162.076
159.688
157.244
154.746
152.194
149.592
146.942
144.174
141.432
138.787
136.303
133.911
131.540
129.326
127.130
125.084
123.318
121.564
119.822
118.222
116.760
115.496
114.240
112.866
111.686
110.575
109.347
108.188
107.095
106.008
104.868
103.793
102.842
101.956
101.133
100.254
99.322
98.452
97.587
96.725
95.924
95.184
94.448
93.770
93.208
92.815
92.591
92.535
92.759
93.320
94.222
95.413
97.012
99.091
101.428
104.033
106.975
110.208
113.678
117.206
120.726
124.234
127.594
130.667
133.504
136.166
138.648
140.872
142.834
144.526
146.015
147.297
148.371
149.304
150.096
150.672
151.106
151.468
151.613
151.613
151.686
151.686
151.686
151.686
151.613
151.613
151.613
151.758
151.976
152.266
152.847
153.576
154.452
155.551
156.802
158.205
159.763
161.403
163.126
164.934
166.828
168.886
171.187
173.736
176.458
179.439
182.522
185.631
188.846
192.170
195.356
198.320
201.223
203.977
206.497
208.862
211.070
212.946
214.573
215.948
217.154
218.190
218.969
219.488
219.662
219.836
219.662
219.142
218.709
218.103
217.585
217.153
216.722
216.378
215.947
215.517
215.174
214.830
214.401
214.058
213.801
213.373
213.117
212.860
212.518
212.177
211.750
211.239
210.728
210.134
209.454
208.776
208.100
207.339
206.496
205.739
204.898
203.976
202.972
202.054
201.221
200.224
199.229
198.484
197.659
196.752
195.930
195.027
194.045
193.146
192.331
191.436
190.544
189.653
188.603
187.797
187.234
186.672
186.190
185.949
185.949
186.110
186.351
186.592
187.073
187.716
188.361
189.006
189.653
190.219
190.624
190.949
191.192
191.192
191.030
190.624
190.058
189.410
188.603
187.717
186.832
185.950
184.990
184.192
183.475
182.838
182.362
182.045
182.045
182.124
182.441
183.236
184.352
185.951
187.878
190.139
192.739
195.438
198.238
201.139
203.893
206.413
209.032
211.581
213.973
216.379
218.796
221.053
223.321
225.774
228.241
230.631
232.944
234.999
236.793
238.322
239.224
239.856
240.398
240.760
241.032
241.123
241.214
241.304
241.123
241.032
240.942
240.579
240.127
239.585
239.043
238.502
237.872
237.152
236.523
235.805
234.998
234.283
233.479
232.676
231.875
230.897
230.098
229.390
228.771
228.417
228.151
227.887
227.711
227.622
227.534
227.358
227.094
226.829
226.213
225.422
224.633
223.670
222.708
221.662
220.444
219.316
218.277
217.326
216.206
215.002
214.058
213.288
212.518
211.750
210.984
210.218
209.454
208.607
207.846
207.086
206.159
205.150
204.227
203.223
202.055
200.889
199.726
198.485
197.247
196.012
194.781
193.554
192.250
191.031
189.896
188.764
187.556
186.271
185.070
183.794
182.521
181.253
179.911
178.651
177.474
176.458
175.444
174.510
173.812
173.192
172.651
172.265
172.110
172.188
172.419
172.728
173.192
173.812
174.278
174.666
175.210
175.755
176.301
176.848
177.318
177.709
178.022
178.337
178.651
178.808
178.965
179.044
179.044
179.201
179.358
179.594
179.752
179.831
179.989
180.226
180.383
180.383
180.383
180.383
180.305
180.226
180.305
180.226
180.068
180.068
179.989
179.989
180.068
180.462
181.332
182.442
183.794
185.550
187.959
190.706
193.474
196.177
198.733
200.889
202.555
203.725
204.311
204.647
204.815
204.898
205.150
205.570
206.243
207.002
207.930
209.116
210.304
211.580
213.031
214.745
216.637
218.536
220.357
222.010
223.320
224.020
224.020
223.582
222.534
220.879
218.970
216.723
214.402
212.092
209.879
207.931
206.412
205.234
204.227
203.725
203.725
204.060
204.479
204.898
205.402
205.738
205.738
205.486
204.898
203.893
202.639
201.055
199.230
197.247
195.028
192.657
190.140
187.637
185.071
182.443
179.911
177.241
174.512
171.957
169.499
167.209
164.935
162.676
160.507
158.427
156.360
154.306
152.412
150.529
148.658
146.941
145.377
143.679
141.992
140.454
139.063
137.748
136.440
135.275
134.183
133.230
132.350
131.607
131.068
130.530
130.060
129.725
129.458
129.324
129.258
129.191
129.258
129.324
129.458
129.792
130.194
130.597
131.068
131.607
132.282
132.959
133.706
134.659
135.617
136.715
137.955
139.271
140.733
142.272
143.679
145.164
146.799
148.300
149.736
151.180
152.484
153.649
154.671
155.551
156.359
157.096
157.760
158.278
158.722
159.093
159.390
159.687
159.985
160.208
160.432
160.730
161.103
161.551
162.075
162.750
163.577
164.632
166.146
167.741
169.422
171.418
173.348
175.289
177.240
178.887
180.462
181.966
183.316
184.591
185.630
186.592
187.395
188.200
188.845
189.248
189.653
189.977
190.300
190.543
190.624
190.705
190.786
190.867
190.786
190.543
190.219
189.653
188.926
187.958
186.672
185.230
183.634
181.966
180.383
178.651
177.083
175.600
174.122
172.883
171.572
170.341
169.268
168.198
167.208
166.145
165.085
163.879
162.600
161.328
159.911
158.575
157.170
155.771
154.306
152.848
151.469
149.952
148.299
146.656
145.022
143.256
141.431
139.549
137.679
135.891
134.047
132.215
130.530
128.858
127.196
125.611
124.035
122.601
121.304
119.951
118.669
117.521
116.379
115.370
114.428
113.426
112.492
111.624
110.821
110.082
109.286
108.613
108.004
107.397
106.973
106.610
106.248
105.887
105.526
105.226
105.047
104.867
104.687
104.567
104.388
104.329
104.329
104.329
104.448
104.687
104.987
105.346
105.887
106.550
107.276
108.126
109.102
110.144
111.315
112.554
113.863
115.181
116.443
117.712
119.053
120.272
121.369
122.341
123.187
123.839
124.297
124.755
125.018
125.018
124.886
124.755
124.558
124.297
124.035
123.708
123.316
122.991
122.731
122.470
122.210
122.080
121.951
121.757
121.692
121.563
121.369
121.369
121.498
121.692
122.016
122.536
123.056
123.447
124.035
124.756
125.412
126.071
126.666
127.195
127.726
128.191
128.523
128.790
129.057
129.258
129.458
129.725
129.859
129.993
130.262
130.530
130.799
131.202
131.809
132.485
133.230
134.114
135.069
136.096
137.196
138.232
139.271
140.453
141.501
142.412
143.397
144.314
145.021
145.731
146.442
146.940
147.369
147.869
148.299
148.657
149.016
149.303
149.519
149.519
149.447
149.303
148.873
148.227
147.440
146.442
145.305
143.961
142.553
141.082
139.480
137.956
136.303
134.591
132.960
131.338
129.794
128.325
126.865
125.479
124.101
122.731
121.433
120.208
118.989
117.839
116.823
115.811
114.804
113.801
112.803
111.810
110.944
110.205
109.469
108.735
108.004
107.336
106.791
106.369
106.067
105.886
105.646
105.466
105.466
105.466
105.526
105.646
105.766
105.947
106.188
106.490
106.852
107.336
107.943
108.674
109.715
110.945
112.306
113.989
115.749
117.649
119.759
121.887
124.036
126.072
128.059
129.995
131.743
133.367
135.070
136.715
138.163
139.549
140.942
142.202
143.255
144.243
145.305
146.299
147.155
148.013
148.944
149.879
150.673
151.323
152.048
152.847
153.649
154.525
155.551
156.875
158.427
160.135
162.076
164.029
166.070
168.122
170.035
171.957
173.735
175.367
176.692
177.867
178.887
179.674
180.068
179.989
179.752
179.201
178.259
176.849
175.055
173.116
171.110
169.115
167.209
165.691
164.557
163.802
163.502
163.426
163.426
163.426
163.351
162.900
162.001
160.805
159.317
157.539
155.478
153.285
151.035
148.730
146.443
144.103
141.712
139.480
137.472
135.412
133.503
131.877
130.262
128.791
127.461
126.270
125.215
124.231
123.317
122.470
121.821
121.175
120.465
119.822
119.244
118.732
118.158
117.712
117.394
117.013
116.632
116.316
116.126
116.000
115.937
115.873
115.810
115.873
116.063
116.443
116.949
117.521
118.222
119.117
120.143
121.369
122.796
124.297
125.940
127.727
129.592
131.541
133.503
135.480
137.472
139.410
141.432
143.538
145.448
147.227
149.017
150.529
151.686
152.848
154.087
155.111
155.991
156.801
157.465
157.982
158.351
158.648
158.871
158.945
159.019
158.945
158.648
158.500
158.426
158.351
158.277
158.203
158.203
158.129
157.982
157.834
157.612
157.317
157.022
156.727
156.432
156.138
155.698
155.257
154.964
154.671
154.452
154.379
154.233
154.013
153.940
153.794
153.430
152.993
152.556
152.120
151.613
151.034
150.456
149.735
149.088
148.801
148.370
147.940
147.655
147.297
147.012
146.798
146.726
146.798
146.940
147.155
147.440
147.726
148.012
148.370
148.801
149.231
149.735
150.312
150.817
151.251
151.903
152.629
153.357
154.233
155.111
156.065
157.022
157.834
158.500
159.019
159.390
159.687
159.836
159.761
159.538
159.167
158.722
158.204
157.612
157.022
156.359
155.551
154.745
153.941
153.066
152.049
150.962
149.736
148.371
147.084
145.731
144.173
142.483
140.803
139.202
137.610
135.959
134.319
132.621
131.002
129.459
127.925
126.468
125.019
123.513
122.082
120.788
119.502
118.286
117.267
116.379
115.559
114.803
114.176
113.613
113.052
112.554
112.181
111.871
111.562
111.376
111.191
111.006
110.882
110.758
110.697
110.635
110.512
110.451
110.451
110.451
110.390
110.328
110.328
110.328
110.390
110.451
110.512
110.697
111.006
111.438
111.871
112.368
112.927
113.488
114.176
114.929
115.685
116.443
117.394
118.669
120.272
122.212
124.429
126.998
129.861
133.029
136.648
140.735
145.167
149.883
154.674
159.468
164.031
168.124
172.035
175.757
179.203
182.761
186.513
190.221
194.128
198.073
201.806
205.404
208.947
212.177
215.175
218.105
220.618
222.884
225.072
227.006
228.859
230.631
232.320
234.104
235.895
237.602
239.224
240.580
241.667
242.757
243.575
243.848
243.939
243.757
243.120
242.212
241.033
239.676
238.232
236.703
234.910
233.034
231.075
228.948
226.830
224.634
222.273
219.836
217.241
214.487
211.581
208.693
205.823
202.973
200.142
197.165
194.209
191.194
188.121
185.071
181.967
178.967
175.913
172.807
169.958
167.209
164.557
162.076
159.688
157.244
154.965
152.993
151.179
149.448
147.799
146.300
144.951
143.820
142.904
142.061
141.291
140.592
140.035
139.687
139.478
139.270
139.132
139.132
139.270
139.548
139.896
140.314
140.802
141.431
142.061
142.693
143.396
144.102
144.667
145.234
145.802
146.371
147.012
147.583
148.155
148.586
149.016
149.591
150.168
150.745
151.323
151.903
152.484
153.066
153.648
154.159
154.598
154.964
155.257
155.551
155.771
155.918
155.991
156.065
156.065
155.918
155.698
155.404
155.257
155.110
154.818
154.452
154.013
153.721
153.503
153.211
152.920
152.556
152.193
151.758
151.179
150.600
149.951
149.304
148.729
148.084
147.440
146.869
146.228
145.731
145.446
145.092
144.809
144.526
144.243
143.960
143.678
143.537
143.396
143.255
143.185
142.974
142.693
142.622
142.552
142.341
142.201
142.201
142.271
142.411
142.622
142.833
143.185
143.607
143.960
144.314
144.597
144.879
145.091
145.162
145.233
145.233
145.091
144.950
144.738
144.384
143.890
143.326
142.763
142.061
141.291
140.523
139.687
138.924
138.093
137.265
136.440
135.548
134.728
133.910
133.095
132.282
131.472
130.597
129.726
128.857
127.925
126.930
126.005
125.084
124.101
123.122
122.146
121.239
120.208
119.181
118.286
117.331
116.443
115.622
114.741
113.926
113.052
112.243
111.562
110.821
110.144
109.530
108.918
108.369
107.883
107.397
107.033
106.671
106.309
106.067
105.886
105.766
105.646
105.586
105.526
105.466
105.346
105.166
105.047
104.867
104.627
104.388
104.031
103.614
103.257
102.783
102.369
102.015
101.603
101.191
100.722
100.312
99.962
99.554
99.147
98.857
98.625
98.509
98.509
98.567
98.741
99.089
99.554
100.137
100.780
101.426
102.252
103.258
104.449
105.828
107.337
109.164
111.254
113.490
115.875
118.478
121.306
124.233
126.998
129.661
132.148
134.320
136.371
138.025
139.271
140.383
141.361
142.131
142.693
143.115
143.467
143.819
144.172
144.526
144.950
145.446
145.944
146.442
147.012
147.583
148.155
148.729
149.376
150.096
150.745
151.323
151.758
152.120
152.483
152.775
152.993
153.211
153.430
153.503
153.503
153.503
153.503
153.503
153.503
153.357
153.211
153.139
152.775
152.338
151.903
151.251
150.528
149.807
149.016
148.299
147.655
146.869
146.015
145.234
144.455
143.749
143.115
142.412
141.711
141.151
140.662
140.174
139.826
139.478
139.132
138.924
138.785
138.716
138.716
138.716
138.646
138.646
138.646
138.439
138.231
137.817
137.196
136.508
135.753
134.932
133.843
132.756
131.675
130.397
129.058
127.726
126.402
125.150
123.839
122.471
121.240
120.015
118.796
117.712
116.696
115.811
114.992
114.239
113.613
112.990
112.368
111.933
111.685
111.315
110.944
110.636
110.328
110.082
109.775
109.407
109.102
108.796
108.491
108.186
107.761
107.397
107.154
106.852
106.610
106.429
106.188
106.067
106.007
106.007
106.128
106.309
106.490
106.731
107.215
107.822
108.430
109.163
110.021
110.945
112.058
113.240
114.491
115.748
116.950
118.222
119.502
120.788
121.952
122.926
123.904
124.887
125.742
126.401
126.996
127.526
127.792
127.925
128.124
128.257
128.124
127.925
127.659
127.327
126.930
126.335
125.676
124.953
124.231
123.513
122.666
121.822
121.046
120.208
119.437
118.732
117.967
117.330
116.696
116.063
115.684
115.306
114.866
114.552
114.301
114.176
114.113
114.051
114.051
114.113
114.238
114.426
114.552
114.615
114.803
114.992
115.181
115.432
115.621
115.810
116.063
116.253
116.316
116.316
116.443
116.506
116.506
116.443
116.253
116.126
116.000
115.810
115.621
115.432
115.118
114.803
114.552
114.301
113.988
113.676
113.301
112.927
112.554
112.119
111.747
111.376
111.006
110.636
110.144
109.714
109.346
108.918
108.613
108.248
107.761
107.397
107.154
106.852
106.550
106.309
106.007
105.646
105.346
105.106
104.807
104.448
104.090
103.673
103.316
103.020
102.665
102.369
102.132
101.956
101.779
101.544
101.308
101.015
100.663
100.312
99.904
99.380
98.857
98.336
97.701
97.069
96.495
95.867
95.241
94.674
94.165
93.770
93.489
93.264
93.095
93.039
93.095
93.320
93.601
93.883
94.278
94.787
95.241
95.525
95.810
96.095
96.381
96.724
97.011
97.241
97.586
97.989
98.278
98.567
98.857
99.263
99.787
100.312
100.722
101.015
101.426
101.838
102.310
102.902
103.435
103.912
104.448
105.047
105.647
106.309
106.973
107.700
108.491
109.224
109.960
110.636
111.376
112.182
112.927
113.676
114.427
115.118
115.748
116.316
116.886
117.457
117.966
118.604
119.373
120.143
120.917
121.692
122.536
123.448
124.297
125.084
125.940
126.798
127.526
128.257
128.857
129.258
129.659
129.993
130.127
130.127
130.060
129.926
129.659
129.124
128.590
128.124
127.593
126.996
126.401
125.807
125.149
124.493
123.839
123.121
122.536
121.952
121.304
120.659
119.886
119.180
118.541
117.903
117.267
116.632
116.000
115.432
114.803
114.113
113.426
112.741
112.058
111.315
110.575
109.837
109.102
108.370
107.640
107.034
106.490
105.887
105.286
104.747
104.210
103.673
103.198
102.724
102.310
101.956
101.661
101.367
100.956
100.605
100.312
99.904
99.438
98.915
98.394
97.702
96.896
96.153
95.242
94.222
93.097
91.978
90.867
89.764
88.722
87.687
86.767
85.852
84.996
84.252
83.511
82.878
82.301
81.726
81.257
80.842
80.479
80.169
79.912
79.706
79.552
79.398
79.244
79.141
79.089
79.089
79.141
79.244
79.449
79.706
79.912
80.169
80.531
80.945
81.361
81.830
82.301
82.773
83.299
83.775
84.198
84.570
84.943
85.263
85.530
85.799
86.013
86.174
86.282
86.335
86.389
86.389
86.335
86.228
86.067
86.013
85.960
85.799
85.584
85.370
85.263
85.156
85.050
84.943
84.783
84.624
84.464
84.304
84.145
84.039
83.986
83.934
83.881
83.828
83.722
83.669
83.669
83.669
83.669
83.616
83.563
83.563
83.563
83.616
83.669
83.669
83.669
83.722
83.722
83.722
83.775
83.775
83.775
83.775
83.775
83.722
83.669
83.563
83.405
83.352
83.352
83.299
83.193
83.141
83.141
83.141
83.141
83.141
83.141
83.193
83.246
83.299
83.352
83.457
83.616
83.722
83.828
83.934
84.039
84.145
84.304
84.410
84.464
84.517
84.517
84.517
84.517
84.517
84.464
84.357
84.251
84.092
83.934
83.775
83.563
83.352
83.193
82.983
82.721
82.510
82.248
81.987
81.726
81.465
81.205
80.842
80.428
80.066
79.809
79.500
79.141
78.783
78.477
78.222
77.917
77.664
77.512
77.411
77.360
77.411
77.462
77.512
77.664
77.867
78.070
78.273
78.477
78.681
78.885
79.141
79.398
79.603
79.809
80.014
80.169
80.324
80.531
80.687
80.790
80.842
80.894
80.945
80.945
80.945
80.997
80.997
80.945
80.894
80.842
80.842
80.790
80.687
80.635
80.635
80.583
80.531
80.531
80.583
80.687
80.790
80.945
81.153
81.361
81.570
81.830
82.091
82.353
82.668
82.931
83.141
83.352
83.510
83.616
83.669
83.722
83.775
83.775
83.828
83.881
83.881
83.881
83.881
83.934
84.039
84.198
84.464
84.783
85.103
85.584
86.174
86.767
87.416
88.122
88.940
89.873
90.923
92.090
93.321
94.561
95.753
96.954
98.163
99.263
100.254
101.074
101.779
102.428
102.961
103.495
103.971
104.329
104.747
105.106
105.406
105.706
106.007
106.429
106.791
107.094
107.336
107.518
107.761
108.004
108.125
108.125
108.065
107.943
107.761
107.518
107.215
106.912
106.610
106.188
105.767
105.346
104.927
104.627
104.269
103.912
103.614
103.316
103.139
102.961
102.724
102.428
102.191
102.015
101.779
101.661
101.603
101.544
101.485
101.367
101.308
101.367
101.485
101.603
101.779
102.073
102.487
102.961
103.555
104.210
104.927
105.767
106.550
107.337
108.126
108.980
109.898
110.698
111.438
112.182
112.927
113.676
114.364
114.929
115.432
116.000
116.569
117.076
117.585
118.158
118.732
119.180
119.629
120.143
120.594
121.045
121.433
121.757
122.146
122.536
122.991
123.578
124.166
124.821
125.610
126.467
127.461
128.457
129.458
130.530
131.607
132.757
134.047
135.343
136.509
137.679
138.854
139.896
140.872
141.781
142.552
143.185
143.678
143.960
144.031
143.960
143.819
143.607
143.326
143.115
142.833
142.482
142.271
142.131
141.991
141.851
141.711
141.431
141.081
140.662
140.035
139.271
138.370
137.265
135.959
134.592
133.163
131.675
130.128
128.392
126.600
124.822
123.057
121.240
119.310
117.521
115.938
114.365
112.741
111.253
109.960
108.857
107.883
106.974
106.188
105.406
104.628
103.852
103.079
102.310
101.603
100.956
100.254
99.496
98.741
98.105
97.586
97.126
96.724
96.438
96.209
96.095
96.152
96.323
96.552
96.839
97.183
97.528
97.932
98.278
98.567
98.915
99.205
99.496
99.670
99.728
99.787
99.728
99.612
99.496
99.322
99.147
99.031
98.857
98.682
98.567
98.451
98.394
98.394
98.336
98.278
98.278
98.336
98.394
98.451
98.567
98.682
98.857
99.089
99.496
100.137
100.839
101.661
102.665
103.972
105.467
107.035
108.797
110.575
112.369
114.114
115.686
117.204
118.605
119.951
121.240
122.341
123.448
124.625
125.940
127.395
128.925
130.665
132.621
134.797
137.267
140.107
143.469
147.014
150.748
154.820
158.947
163.053
166.982
170.726
174.279
177.554
180.622
183.396
185.871
187.959
189.573
190.787
191.517
191.680
191.355
190.625
189.492
187.959
186.191
184.193
182.045
179.753
177.319
174.822
172.189
169.575
167.057
164.708
162.301
159.763
157.244
154.746
152.339
149.881
147.513
145.164
142.694
140.315
138.025
135.686
133.367
131.136
128.924
126.799
124.756
122.732
120.788
118.989
117.077
115.182
113.427
111.687
110.021
108.431
106.914
105.407
103.852
102.429
101.133
99.905
98.684
97.414
96.210
95.072
93.996
93.040
92.145
91.310
90.479
89.708
89.104
88.558
88.122
87.795
87.469
87.199
87.037
86.983
87.037
87.199
87.415
87.686
88.122
88.667
89.214
89.818
90.535
91.421
92.480
93.714
95.185
96.840
98.800
101.016
103.497
106.311
109.349
112.681
116.192
119.825
123.450
126.999
130.330
133.300
135.892
138.163
140.245
141.992
143.326
144.314
145.163
145.660
145.873
146.015
145.944
145.660
145.304
144.879
144.314
143.749
143.326
143.115
142.904
142.763
142.763
142.974
143.326
143.749
144.384
145.163
146.086
147.083
147.941
148.729
149.664
150.528
151.179
151.831
152.338
152.775
153.211
153.503
153.867
154.233
154.598
155.037
155.624
156.507
157.612
158.945
160.581
162.451
164.482
166.677
168.810
170.879
172.961
174.900
176.771
178.573
180.305
182.045
183.634
185.150
186.592
187.797
188.845
189.653
190.300
190.705
190.705
190.300
189.491
188.522
187.315
185.871
184.432
182.681
180.779
178.966
177.005
174.900
172.652
170.418
168.123
165.615
163.051
160.508
157.762
154.965
152.267
149.448
146.656
143.891
141.082
138.440
135.824
133.164
130.599
128.060
125.546
123.122
120.724
118.286
116.001
113.802
111.687
109.653
107.701
105.888
104.151
102.606
101.251
99.963
98.858
97.989
97.183
96.609
96.266
96.095
96.095
96.209
96.552
97.011
97.586
98.278
99.031
99.846
100.605
101.367
102.192
103.020
103.971
104.987
106.069
107.277
108.492
109.838
111.191
112.554
114.051
115.433
116.823
118.286
119.694
121.046
122.276
123.448
124.625
125.742
126.732
127.593
128.457
129.324
130.195
131.001
131.809
132.756
133.706
134.728
135.822
137.059
138.509
140.036
141.711
143.538
145.377
147.370
149.448
151.614
153.942
156.360
158.798
161.029
163.202
165.312
167.285
169.269
171.186
172.961
174.589
176.224
177.945
179.596
181.175
182.680
184.033
185.390
186.752
187.797
188.603
189.410
190.058
190.462
190.868
191.192
191.517
191.843
191.924
191.924
191.761
191.355
190.787
189.896
188.684
187.235
185.551
183.714
181.570
179.202
176.927
174.357
171.649
169.192
166.677
164.255
161.852
159.391
157.022
154.746
152.412
150.096
147.942
145.732
143.398
140.942
138.509
136.166
133.707
131.204
128.725
126.204
123.644
121.047
118.542
116.191
113.865
111.502
109.164
106.853
104.629
102.547
100.489
98.395
96.325
94.279
92.369
90.591
88.940
87.363
85.853
84.518
83.248
82.145
81.154
80.222
79.500
78.886
78.375
77.968
77.664
77.462
77.411
77.563
77.918
78.528
79.501
80.894
82.670
84.839
87.310
89.985
92.874
95.812
98.686
101.369
103.734
105.888
107.883
109.654
111.130
112.368
113.489
114.490
115.370
116.190
117.077
118.159
119.373
120.659
121.952
123.318
124.822
126.402
127.992
129.525
131.069
132.554
133.979
135.412
136.646
137.679
138.508
139.201
139.826
140.244
140.453
140.523
140.523
140.453
140.244
139.896
139.617
139.270
138.854
138.508
138.231
138.023
137.748
137.472
137.265
137.058
136.783
136.576
136.371
136.165
135.890
135.479
135.069
134.728
134.455
134.046
133.706
133.434
133.095
132.823
132.620
132.620
132.755
133.163
133.978
135.138
136.715
138.717
140.942
143.045
144.951
146.585
147.870
149.016
150.312
151.831
153.649
155.919
158.501
161.403
164.331
167.057
169.728
172.035
173.968
175.600
176.692
177.474
178.022
178.179
178.179
177.866
177.474
177.083
176.457
175.911
175.288
174.666
174.200
173.657
173.037
172.574
172.265
172.033
171.648
171.186
170.879
170.494
170.034
169.498
168.885
168.046
166.980
165.918
164.783
163.426
161.926
160.283
158.501
156.654
154.745
152.775
150.674
148.515
146.372
144.314
142.202
140.036
138.025
136.097
134.115
132.215
130.396
128.658
126.997
125.347
123.905
122.536
121.175
119.951
118.860
117.903
117.140
116.443
115.873
115.432
115.055
114.803
114.740
114.866
115.118
115.558
116.190
116.950
117.967
119.181
120.595
122.212
123.971
126.006
128.192
130.599
133.232
136.098
139.134
142.344
145.590
148.731
151.832
154.893
157.835
160.433
162.601
164.406
166.070
167.437
168.427
169.191
169.727
170.110
170.340
170.340
170.187
169.880
169.421
168.962
168.351
167.741
167.132
166.372
165.615
164.934
164.255
163.502
162.675
161.701
160.804
159.911
158.945
158.056
157.096
156.138
155.258
154.233
153.066
151.903
150.673
149.376
148.085
146.799
145.518
144.243
142.974
141.781
140.732
139.688
138.785
138.093
137.265
136.371
135.753
135.206
134.591
134.046
133.502
133.027
132.553
131.877
131.135
130.530
129.793
128.924
128.058
126.997
126.005
125.084
123.970
122.861
121.757
120.595
119.373
118.031
116.760
115.622
114.428
113.115
111.872
110.698
109.470
108.188
106.974
105.828
104.688
103.615
102.547
101.544
100.663
99.730
98.799
97.932
97.011
96.153
95.298
94.448
93.658
92.872
92.145
91.476
90.811
90.148
89.488
88.885
88.339
87.795
87.253
86.713
86.174
85.638
85.156
84.783
84.517
84.304
84.251
84.304
84.410
84.624
84.996
85.584
86.228
86.929
87.742
88.668
89.654
90.646
91.700
92.816
93.883
94.901
95.867
96.839
97.875
98.916
99.963
100.957
101.838
102.783
103.852
104.987
106.189
107.337
108.431
109.592
110.760
111.934
113.115
114.240
115.307
116.253
117.204
118.158
118.988
119.758
120.530
121.110
121.563
121.951
122.145
122.340
122.405
122.275
122.210
122.145
121.951
121.692
121.369
121.045
120.594
119.886
119.244
118.668
118.030
117.521
117.139
116.696
116.253
115.873
115.621
115.432
115.181
114.992
114.866
114.803
114.740
114.740
114.740
114.678
114.615
114.552
114.489
114.489
114.489
114.489
114.615
114.740
114.929
115.181
115.495
115.873
116.379
117.013
117.648
118.285
119.052
119.950
120.788
121.627
122.536
123.448
124.362
125.281
126.137
127.063
128.058
129.057
129.994
130.799
131.539
132.282
133.095
133.842
134.386
134.728
135.001
135.274
135.410
135.342
135.137
134.932
134.728
134.455
134.182
133.977
134.046
134.250
134.523
135.138
135.959
136.921
138.094
139.410
140.873
142.272
143.538
144.809
146.015
147.083
148.013
148.801
149.375
149.879
150.456
151.034
151.613
152.193
152.920
153.648
154.379
155.111
155.771
156.359
156.801
157.169
157.391
157.391
157.169
156.874
156.432
155.844
155.184
154.379
153.503
152.629
151.758
150.890
150.023
149.232
148.657
148.155
147.583
147.155
146.798
146.441
146.228
146.086
145.944
145.802
145.802
145.873
145.944
146.086
146.299
146.655
147.297
148.084
148.801
149.808
151.035
152.267
153.722
155.332
156.875
158.353
159.613
160.805
162.001
162.900
163.652
164.179
164.481
164.783
165.009
165.009
164.934
165.009
164.934
164.707
164.707
164.783
164.707
164.632
164.632
164.632
164.632
164.632
164.556
164.556
164.556
164.330
164.178
164.028
163.802
163.577
163.276
162.900
162.525
162.150
161.626
161.103
160.506
159.910
159.390
158.796
158.278
157.686
157.022
156.212
155.331
154.598
153.649
152.412
151.251
150.024
148.657
147.369
145.873
144.243
142.693
140.942
139.202
137.541
135.754
134.047
132.351
130.732
129.191
127.594
126.138
124.822
123.448
122.082
120.788
119.502
118.350
117.331
116.379
115.496
114.678
113.988
113.301
112.678
112.181
111.809
111.562
111.376
111.191
111.129
111.129
111.129
111.129
111.067
111.191
111.253
111.253
111.376
111.376
111.315
111.438
111.562
111.562
111.562
111.624
111.747
111.933
112.119
112.305
112.616
113.052
113.551
114.113
114.740
115.433
116.253
117.077
118.031
119.052
120.079
121.110
122.017
122.926
123.839
124.690
125.478
126.203
126.732
126.996
127.261
127.659
127.925
127.991
127.991
127.792
127.526
127.327
127.062
126.864
126.599
126.137
125.807
125.544
125.215
125.018
124.886
124.755
124.493
124.166
123.839
123.447
123.186
122.926
122.666
122.340
121.821
121.369
120.852
120.272
119.629
118.924
118.158
117.330
116.569
115.811
114.992
114.176
113.364
112.554
111.748
111.006
110.390
109.837
109.407
108.980
108.613
108.491
108.430
108.369
108.430
108.552
108.735
109.102
109.468
109.837
110.267
110.636
110.944
111.253
111.685
112.057
112.430
112.865
113.301
113.863
114.427
114.929
115.369
115.811
116.253
116.569
116.886
117.139
117.267
117.330
117.394
117.394
117.203
117.076
116.886
116.506
116.190
115.937
115.684
115.432
115.244
115.244
115.306
115.369
115.621
116.000
116.506
117.140
117.903
118.860
119.951
121.111
122.146
123.122
124.166
125.084
125.874
126.599
127.128
127.460
127.593
127.526
127.327
127.062
126.798
126.401
125.873
125.281
124.624
123.970
123.252
122.470
121.692
120.981
120.272
119.501
118.924
118.413
117.839
117.330
116.822
116.443
116.126
115.810
115.432
115.055
114.740
114.301
113.863
113.488
113.176
112.927
112.678
112.492
112.430
112.492
112.678
112.865
113.114
113.551
114.113
114.866
115.685
116.633
117.840
119.117
120.595
122.277
123.905
125.742
127.793
129.726
131.675
133.706
135.686
137.472
139.132
140.523
141.711
142.833
143.678
144.455
145.163
145.731
146.157
146.370
146.512
146.655
146.798
146.869
146.940
147.155
147.369
147.583
148.012
148.729
149.592
150.673
151.976
153.284
154.672
156.286
157.983
159.614
161.029
162.301
163.577
164.632
165.236
165.538
165.614
165.387
164.858
163.953
162.975
162.075
160.880
159.465
158.131
156.728
155.258
153.795
152.484
151.107
149.736
148.443
147.226
146.228
145.305
144.526
143.749
143.044
142.412
141.921
141.571
141.151
140.871
140.662
140.523
140.453
140.314
140.314
140.453
140.732
141.151
141.711
142.482
143.397
144.384
145.518
146.727
147.942
149.520
151.180
152.775
154.452
156.139
157.835
159.316
160.731
162.001
163.051
164.104
164.783
165.236
165.766
166.145
166.524
166.828
166.980
167.131
167.283
167.283
167.207
167.131
167.055
166.904
166.676
166.524
166.372
166.297
166.221
166.069
165.841
165.538
165.387
165.236
165.009
164.707
164.330
163.953
163.502
163.126
162.600
162.001
161.626
161.252
160.655
160.059
159.613
159.167
158.871
158.648
158.351
158.055
157.760
157.539
157.243
156.948
156.727
156.506
156.285
155.918
155.624
155.404
155.110
154.745
154.379
154.086
153.721
153.357
152.993
152.411
151.831
151.396
151.034
150.600
150.096
149.519
148.944
148.514
148.084
147.655
147.155
146.655
146.228
145.873
145.446
144.950
144.597
144.172
143.748
143.326
142.833
142.412
141.851
141.291
140.871
140.383
139.826
139.340
138.924
138.439
138.023
137.679
137.196
136.714
136.302
135.890
135.411
134.864
134.523
134.250
133.842
133.502
133.163
132.823
132.552
132.282
131.944
131.539
131.135
130.866
130.597
130.127
129.659
129.258
128.923
128.590
128.191
127.858
127.460
126.930
126.599
126.203
125.610
125.149
124.755
124.362
123.970
123.577
123.186
122.861
122.536
122.210
121.951
121.692
121.433
121.239
121.110
120.981
120.851
120.722
120.594
120.401
120.079
119.757
119.500
119.180
118.732
118.285
117.903
117.521
117.139
116.759
116.443
116.190
116.000
115.810
115.621
115.495
115.432
115.306
115.181
115.181
115.118
115.055
114.992
114.929
114.803
114.678
114.615
114.552
114.489
114.364
114.301
114.238
114.176
114.113
113.988
113.926
113.926
113.863
113.801
113.801
113.738
113.676
113.613
113.488
113.301
113.114
112.989
112.803
112.678
112.554
112.305
112.119
111.995
111.871
111.809
111.809
111.747
111.747
111.871
112.057
112.305
112.678
113.239
113.863
114.615
115.433
116.253
117.077
117.903
118.732
119.372
119.886
120.401
120.852
121.175
121.369
121.498
121.563
121.563
121.563
121.498
121.369
121.239
121.045
120.916
120.916
120.916
120.916
120.916
120.916
120.916
120.851
120.786
120.722
120.529
120.143
119.629
119.052
118.413
117.585
116.569
115.622
114.553
113.364
112.120
110.883
109.654
108.431
107.397
106.490
105.587
104.688
103.852
103.079
102.428
101.956
101.544
101.132
100.780
100.429
100.137
99.845
99.612
99.438
99.205
98.915
98.682
98.567
98.451
98.336
98.220
98.105
97.932
97.758
97.643
97.528
97.413
97.298
97.069
96.782
96.552
96.266
95.924
95.582
95.297
95.014
94.617
94.221
93.939
93.601
93.207
92.871
92.535
92.256
92.032
91.865
91.754
91.643
91.532
91.532
91.643
91.698
91.809
91.976
92.144
92.368
92.591
92.871
93.207
93.545
93.939
94.391
94.844
95.298
95.753
96.267
96.782
97.356
98.047
98.683
99.263
99.904
100.546
101.132
101.661
102.192
102.783
103.317
103.792
104.329
104.867
105.226
105.526
105.887
106.128
106.309
106.550
106.731
106.852
106.972
107.033
107.093
107.154
107.154
107.215
107.276
107.276
107.276
107.276
107.276
107.276
107.276
107.215
107.093
106.972
106.852
106.671
106.429
106.128
105.767
105.466
105.106
104.687
104.269
103.852
103.495
103.139
102.842
102.546
102.250
102.015
101.779
101.485
101.132
100.839
100.605
100.371
100.078
99.728
99.380
98.973
98.567
98.220
97.874
97.471
97.011
96.667
96.324
95.924
95.582
95.241
94.900
94.504
94.052
93.658
93.264
92.815
92.424
92.144
91.865
91.587
91.421
91.365
91.476
91.587
91.643
91.754
91.865
91.921
91.976
92.088
92.144
92.144
92.088
91.976
91.921
91.865
91.754
91.643
91.532
91.365
91.199
91.032
90.866
90.755
90.645
90.479
90.258
90.093
89.983
89.762
89.488
89.323
89.159
88.940
88.776
88.612
88.448
88.285
88.067
87.904
87.795
87.686
87.578
87.469
87.361
87.199
86.983
86.821
86.659
86.551
86.443
86.282
86.174
86.013
85.799
85.691
85.638
85.477
85.263
85.050
84.890
84.730
84.570
84.358
84.092
83.881
83.669
83.457
83.246
83.036
82.826
82.616
82.405
82.248
82.143
82.039
81.987
81.987
82.091
82.353
82.721
83.247
84.040
84.997
86.014
87.145
88.340
89.544
90.756
91.922
92.928
93.883
94.787
95.582
96.324
96.896
97.413
97.874
98.163
98.451
98.741
98.915
99.031
99.089
99.147
99.263
99.322
99.380
99.612
99.962
100.371
101.015
102.075
103.615
105.588
107.945
110.761
113.928
117.142
120.274
123.384
126.271
128.791
130.934
132.621
133.842
134.659
135.137
135.274
135.137
134.659
133.910
132.960
131.877
130.799
129.526
128.058
126.467
124.822
123.187
121.499
119.694
117.904
116.190
114.428
112.617
110.822
109.103
107.458
105.948
104.449
102.902
101.544
100.313
99.090
97.932
96.896
95.924
94.957
94.109
93.264
92.535
91.922
91.254
90.700
90.203
89.708
89.323
88.995
88.666
88.339
88.067
87.795
87.469
87.199
86.929
86.605
86.335
86.013
85.691
85.477
85.263
85.103
84.943
84.783
84.677
84.624
84.677
84.783
84.943
85.156
85.477
85.906
86.336
86.821
87.361
87.958
88.612
89.323
90.038
90.700
91.365
91.977
92.535
93.208
93.939
94.561
95.184
95.810
96.496
97.299
98.105
98.915
99.788
100.663
101.485
102.370
103.258
104.090
104.867
105.526
106.128
106.610
107.034
107.458
107.883
108.308
108.674
109.102
109.714
110.451
111.253
112.120
113.115
114.302
115.433
116.506
117.712
118.989
120.208
121.369
122.601
123.774
124.887
126.204
127.726
129.392
131.271
133.367
135.686
138.232
141.012
144.033
147.299
150.675
154.088
157.762
161.478
164.785
168.048
171.419
174.434
177.084
179.438
181.570
183.475
185.070
186.431
187.556
188.522
189.329
189.896
190.462
190.867
191.111
191.192
191.192
191.355
191.274
191.111
190.868
190.219
189.410
188.442
187.154
185.790
184.272
182.522
180.858
179.202
177.475
175.600
173.735
171.957
170.112
168.352
166.753
165.161
163.577
161.926
160.209
158.575
156.875
155.185
153.504
151.759
150.096
148.514
146.870
145.235
143.679
142.272
140.873
139.410
138.025
136.715
135.480
134.319
133.095
131.877
130.866
129.860
128.924
128.124
127.526
127.062
126.666
126.599
126.599
126.666
126.996
127.394
127.792
128.257
128.790
129.324
129.792
130.194
130.463
130.665
130.799
130.799
130.799
130.732
130.665
130.597
130.597
130.732
130.866
131.068
131.404
131.809
132.417
133.230
134.046
134.932
136.028
137.265
138.509
139.897
141.501
143.256
145.235
147.370
149.664
152.267
155.039
158.057
161.179
164.180
167.209
170.342
173.348
176.068
178.652
181.175
183.555
185.791
188.040
190.220
192.169
193.964
195.684
197.330
198.816
200.141
201.305
202.221
202.805
203.223
203.641
203.892
203.892
203.892
203.808
203.641
203.808
203.975
204.059
204.143
204.059
203.975
203.725
203.139
202.221
200.972
199.395
197.577
195.520
193.228
190.788
188.120
185.311
182.601
179.832
177.006
174.279
171.418
168.505
165.691
162.976
160.135
157.171
154.307
151.470
148.587
145.732
142.905
140.176
137.542
134.798
132.148
129.727
127.262
124.822
122.472
120.081
117.840
115.875
113.865
111.811
109.960
108.188
106.490
104.927
103.377
102.016
100.957
99.905
98.858
97.932
97.069
96.324
95.696
95.184
94.674
94.165
93.770
93.432
93.095
92.759
92.480
92.256
92.032
91.865
91.698
91.476
91.310
91.199
91.032
90.921
90.866
90.866
90.921
90.977
91.088
91.143
91.254
91.421
91.532
91.643
91.754
91.921
92.144
92.312
92.480
92.703
92.927
93.207
93.545
93.939
94.447
95.014
95.639
96.324
97.069
97.874
98.625
99.438
100.254
100.956
101.544
102.133
102.783
103.317
103.852
104.448
104.987
105.466
105.947
106.369
106.671
106.973
107.276
107.518
107.822
108.065
108.186
108.308
108.430
108.552
108.613
108.552
108.491
108.430
108.247
108.065
107.943
107.822
107.761
107.761
107.883
108.125
108.369
108.613
108.980
109.469
110.021
110.574
111.129
111.748
112.305
112.927
113.551
114.113
114.803
115.432
115.937
116.569
117.267
117.967
118.668
119.244
119.757
120.336
120.916
121.498
122.146
122.731
123.382
124.166
124.953
125.808
126.666
127.527
128.457
129.324
130.195
131.068
131.877
132.756
133.570
134.250
134.932
135.616
136.233
136.645
137.058
137.472
137.817
138.231
138.646
139.132
139.687
140.244
140.802
141.361
141.921
142.482
142.904
143.255
143.607
143.889
144.102
144.102
144.172
144.243
144.243
144.455
144.597
144.738
145.092
145.517
146.015
146.584
147.083
147.583
148.012
148.370
148.729
149.088
149.447
149.663
149.879
150.096
150.312
150.528
150.672
150.817
150.961
151.106
151.396
151.541
151.541
151.613
151.541
151.468
151.396
151.179
150.889
150.600
150.312
149.951
149.519
149.088
148.657
148.227
147.797
147.440
147.083
146.726
146.370
146.015
145.802
145.731
145.873
146.086
146.442
147.012
147.655
148.442
149.304
150.240
151.251
152.339
153.357
154.159
154.964
155.771
156.432
157.022
157.465
157.760
157.982
158.203
158.351
158.426
158.648
158.722
158.796
158.871
158.871
159.019
159.167
159.242
159.242
159.390
159.538
159.612
159.538
159.464
159.464
159.316
158.945
158.426
157.908
157.317
156.727
156.065
155.404
154.818
154.306
153.794
153.357
152.993
152.702
152.556
152.483
152.338
152.048
151.831
151.541
151.034
150.528
149.879
149.088
148.299
147.440
146.442
145.164
143.890
142.483
140.873
139.341
137.748
136.165
134.591
133.028
131.473
129.794
128.125
126.533
125.019
123.513
121.952
120.530
119.181
117.840
116.570
115.433
114.428
113.426
112.430
111.562
110.882
110.267
109.653
109.102
108.735
108.491
108.308
108.186
108.186
108.247
108.247
108.308
108.430
108.613
108.735
108.796
108.980
109.163
109.285
109.407
109.530
109.652
109.775
109.898
109.960
110.021
110.144
110.267
110.451
110.635
110.882
111.253
111.624
111.995
112.430
112.927
113.426
113.926
114.490
115.055
115.558
116.126
116.696
117.203
117.648
118.094
118.541
118.988
119.436
119.886
120.336
120.723
121.110
121.369
121.627
121.886
122.081
122.275
122.275
122.275
122.405
122.536
122.536
122.405
122.275
122.145
121.951
121.692
121.369
120.981
120.594
120.143
119.693
119.244
118.796
118.349
117.839
117.394
117.013
116.632
116.316
116.126
115.937
115.810
115.684
115.495
115.306
115.055
114.803
114.615
114.489
114.426
114.238
113.988
113.988
114.113
114.364
114.740
115.181
115.748
116.506
117.457
118.541
119.758
121.111
122.471
123.774
125.084
126.336
127.394
128.257
128.923
129.458
129.993
130.329
130.396
130.396
130.194
129.859
129.525
128.990
128.390
127.792
127.129
126.467
125.676
124.821
123.970
123.121
122.211
121.111
120.015
118.860
117.585
116.316
114.992
113.614
112.182
110.760
109.286
107.701
106.249
104.927
103.555
102.252
101.192
100.080
98.916
97.817
96.668
95.639
94.787
93.996
93.208
92.424
91.810
91.254
90.700
90.369
90.093
89.762
89.543
89.433
89.323
89.323
89.378
89.378
89.378
89.433
89.543
89.597
89.707
89.817
89.983
90.203
90.314
90.534
90.866
91.143
91.476
91.977
92.480
93.040
93.658
94.335
95.071
95.696
96.381
97.241
98.047
98.741
99.438
100.137
100.722
101.191
101.603
101.897
102.132
102.369
102.605
102.665
102.665
102.724
102.724
102.902
103.198
103.674
104.509
105.527
106.792
108.310
110.083
112.120
114.365
116.697
118.990
121.241
123.448
125.611
127.660
129.525
131.136
132.486
133.706
134.796
135.685
136.302
136.645
136.851
136.851
136.714
136.576
136.302
135.753
135.137
134.523
133.842
133.095
132.350
131.674
131.001
130.396
129.793
129.191
128.723
128.390
128.124
127.991
128.058
128.191
128.324
128.523
128.790
129.124
129.391
129.592
129.792
129.859
129.725
129.458
129.124
128.723
128.324
127.858
127.394
126.930
126.533
126.203
125.807
125.412
125.018
124.624
124.101
123.512
122.926
122.276
121.627
121.045
120.401
119.693
119.052
118.349
117.648
117.013
116.379
115.873
115.432
115.055
114.740
114.426
114.238
114.113
113.988
113.926
113.863
113.738
113.738
113.801
113.801
113.801
113.738
113.738
113.801
113.738
113.738
113.738
113.676
113.676
113.613
113.551
113.551
113.488
113.426
113.363
113.238
113.176
113.176
113.238
113.301
113.363
113.488
113.551
113.613
113.738
113.801
113.801
113.863
113.863
113.863
113.863
113.801
113.801
113.863
113.863
113.801
113.801
113.863
113.988
114.176
114.489
114.929
115.432
116.000
116.569
117.076
117.648
118.221
118.796
119.372
119.886
120.336
120.723
120.981
121.045
121.110
121.239
121.239
121.175
121.110
121.110
121.110
120.981
120.916
120.851
120.786
120.851
120.916
120.916
120.981
121.045
120.981
120.981
121.045
121.110
121.175
121.239
121.304
121.433
121.627
121.692
121.757
121.886
122.016
122.210
122.405
122.601
122.861
123.186
123.577
123.839
124.101
124.493
124.821
125.018
125.215
125.478
125.544
125.478
125.347
125.149
125.018
124.886
124.755
124.624
124.558
124.624
124.689
124.886
125.281
125.741
126.335
126.996
127.726
128.524
129.458
130.329
131.136
132.012
132.824
133.638
134.318
134.864
135.479
135.959
136.371
136.783
137.058
137.265
137.472
137.748
137.954
138.092
138.161
138.231
138.369
138.508
138.716
138.854
138.993
139.132
139.270
139.478
139.617
139.756
139.756
139.687
139.687
139.687
139.617
139.409
139.132
138.854
138.508
138.024
137.472
136.783
136.028
135.274
134.455
133.570
132.688
131.877
131.135
130.463
129.793
129.057
128.523
128.124
127.726
127.460
127.261
127.062
126.996
127.062
127.128
127.526
128.191
129.124
130.397
131.945
133.843
135.891
138.025
140.245
142.413
144.527
146.371
147.870
149.160
150.168
151.034
151.686
152.193
152.629
152.847
153.066
153.284
153.503
153.940
154.452
155.111
155.918
156.875
157.982
159.093
160.208
161.328
162.450
163.577
164.707
165.766
166.828
167.741
168.580
169.498
170.187
170.725
171.263
171.648
171.956
172.188
172.188
172.110
172.033
171.725
171.340
171.032
170.494
169.804
169.191
168.503
167.741
166.904
166.069
165.312
164.481
163.652
162.900
162.150
161.476
160.804
160.208
159.761
159.242
158.648
158.130
157.539
156.801
156.138
155.477
154.818
154.233
153.648
153.139
152.702
152.193
151.613
151.179
150.817
150.528
150.384
150.312
150.312
150.240
150.240
150.528
150.962
151.468
152.194
153.066
154.014
155.185
156.581
157.983
159.391
160.880
162.376
163.803
165.085
166.145
167.285
168.427
169.421
170.495
171.803
173.348
174.978
176.849
178.730
180.621
182.760
184.911
187.074
189.492
192.087
194.618
197.165
199.727
202.305
204.731
207.002
209.286
211.410
213.373
215.260
216.981
218.623
220.183
221.662
222.970
224.020
224.983
225.862
226.917
227.976
228.947
230.099
231.431
232.765
234.104
235.267
236.523
238.052
239.314
240.399
241.576
242.575
243.484
244.669
245.948
247.138
248.422
249.894
251.370
252.757
254.148
255.356
256.008
256.567
257.126
257.313
257.313
257.126
256.660
256.101
255.356
254.426
253.313
252.109
250.816
249.342
247.963
246.406
244.760
243.302
241.758
240.128
238.503
236.883
235.357
233.837
232.231
230.897
229.656
228.417
227.270
226.301
225.598
225.071
224.808
224.808
224.808
224.983
225.335
225.686
226.037
226.301
226.829
227.446
227.799
228.240
228.771
229.213
229.655
230.187
230.897
231.519
232.231
232.943
233.568
234.372
234.998
235.536
236.074
236.343
236.612
236.972
237.241
237.512
237.692
237.782
237.692
237.602
237.692
237.872
238.232
238.142
237.962
238.052
237.692
237.241
236.792
236.074
235.267
234.372
233.568
232.587
231.342
229.922
228.329
226.830
225.072
223.233
221.314
219.230
217.068
214.830
212.604
210.134
207.678
205.319
203.056
200.723
198.155
195.602
192.984
190.382
187.959
185.471
183.078
180.858
178.651
176.458
174.356
172.342
170.418
168.657
166.905
165.237
163.653
162.151
160.731
159.316
158.056
157.022
156.065
155.184
154.452
153.794
153.211
152.629
152.193
151.903
151.758
151.758
151.686
151.686
151.831
151.903
152.048
152.338
152.629
152.993
153.503
154.013
154.525
154.964
155.330
155.771
156.138
156.432
156.727
156.948
157.096
157.243
157.465
157.686
157.834
157.908
158.055
158.277
158.574
159.093
159.836
160.730
161.626
162.450
163.276
164.255
165.161
165.993
166.676
167.284
167.970
168.427
168.809
169.115
169.344
169.574
169.651
169.804
169.957
169.804
169.804
169.880
169.727
169.498
169.268
169.115
168.885
168.732
168.656
168.656
168.579
168.427
168.274
168.046
167.817
167.588
167.360
166.980
166.524
165.993
165.387
164.632
163.878
163.201
162.450
161.626
160.730
159.762
158.796
157.982
157.022
156.065
155.258
154.306
153.430
152.702
151.903
151.179
150.528
149.879
149.304
148.801
148.370
147.940
147.512
147.155
146.869
146.584
146.228
145.873
145.589
145.234
144.879
144.526
144.172
143.749
143.326
142.904
142.342
141.851
141.361
140.871
140.453
140.105
139.756
139.409
139.062
138.785
138.646
138.577
138.577
138.577
138.508
138.369
138.231
138.231
138.231
138.092
137.954
137.817
137.817
137.885
137.954
138.092
138.161
138.231
138.300
138.508
138.785
138.993
139.340
139.756
140.244
140.802
141.361
141.851
142.412
143.115
143.749
144.384
145.021
145.660
146.371
146.940
147.512
148.084
148.370
148.729
149.160
149.447
149.735
149.951
150.168
150.384
150.456
150.312
150.023
149.951
149.735
149.375
149.160
148.801
148.299
147.869
147.440
146.798
146.228
145.731
145.092
144.455
143.890
143.255
142.622
141.851
141.081
140.383
139.548
138.785
138.024
137.127
136.371
135.617
134.728
133.910
133.095
132.282
131.472
130.665
129.927
129.124
128.324
127.659
126.930
126.269
125.610
125.084
124.690
124.297
123.839
123.381
123.186
123.121
123.186
123.316
123.446
123.643
123.904
124.101
124.297
124.493
124.624
124.689
124.624
124.624
124.624
124.428
124.166
123.904
123.577
123.251
122.991
122.601
122.146
121.692
121.175
120.658
119.950
119.180
118.413
117.585
116.696
115.748
114.741
113.801
112.866
111.872
111.006
110.267
109.653
108.980
108.309
107.761
107.276
106.912
106.671
106.429
106.188
105.947
105.706
105.466
105.346
105.226
105.106
105.047
104.927
104.927
104.987
105.047
105.226
105.406
105.526
105.646
105.706
105.826
106.007
106.067
106.128
106.128
106.067
106.007
105.886
105.706
105.466
105.166
104.867
104.508
104.031
103.554
103.020
102.487
102.015
101.544
101.073
100.663
100.371
100.195
100.137
100.195
100.371
100.663
101.073
101.603
102.192
102.902
103.733
104.568
105.286
105.948
106.610
107.155
107.700
108.248
108.735
109.285
109.837
110.390
110.882
111.376
111.933
112.492
113.114
113.676
114.365
115.118
115.874
116.696
117.648
118.796
119.951
121.175
122.471
123.905
125.413
126.930
128.324
129.592
131.069
132.486
133.775
135.070
136.302
137.334
138.232
139.062
139.548
139.896
140.105
140.174
140.244
140.174
139.826
139.409
139.062
138.508
137.748
136.989
136.233
135.343
134.319
133.366
132.485
131.540
130.665
129.793
128.857
127.858
126.930
126.072
125.149
124.297
123.448
122.601
121.757
120.981
120.272
119.501
118.796
118.031
117.267
116.506
115.811
115.181
114.490
113.801
113.052
112.305
111.562
110.821
110.021
109.163
108.370
107.579
106.792
106.008
105.166
104.389
103.674
103.020
102.428
101.956
101.544
101.132
100.839
100.546
100.312
100.195
100.020
99.787
99.612
99.496
99.380
99.263
99.147
99.031
98.915
98.857
98.857
98.857
98.857
98.915
98.915
98.915
98.973
98.973
99.031
99.147
99.205
99.205
99.205
99.263
99.380
99.438
99.496
99.496
99.438
99.438
99.438
99.380
99.322
99.322
99.205
99.089
98.973
98.741
98.567
98.394
98.163
97.932
97.643
97.356
97.183
97.011
96.782
96.495
96.266
96.095
95.924
95.753
95.525
95.297
95.127
94.957
94.787
94.674
94.561
94.391
94.221
94.108
93.995
93.826
93.658
93.489
93.264
93.095
92.927
92.647
92.368
92.144
91.976
91.809
91.643
91.532
91.476
91.421
91.254
91.143
91.143
91.143
91.143
91.143
91.143
91.199
91.254
91.254
91.310
91.476
91.476
91.421
91.421
91.310
91.199
91.032
90.866
90.755
90.700
90.589
90.314
90.093
89.927
89.707
89.543
89.378
89.214
89.159
89.104
89.050
89.104
89.214
89.323
89.433
89.488
89.543
89.543
89.488
89.433
89.323
89.159
88.940
88.721
88.394
88.067
87.795
87.524
87.253
86.983
86.767
86.551
86.228
85.906
85.638
85.317
85.050
84.783
84.517
84.304
84.039
83.775
83.563
83.352
83.141
82.983
82.826
82.616
82.458
82.300
82.143
81.987
81.830
81.778
81.674
81.570
81.517
81.465
81.413
81.309
81.257
81.153
80.997
80.894
80.842
80.790
80.687
80.583
80.428
80.324
80.272
80.117
80.014
79.963
79.860
79.757
79.706
79.655
79.603
79.603
79.603
79.552
79.500
79.449
79.346
79.295
79.244
79.192
79.141
79.038
78.885
78.681
78.477
78.222
77.917
77.664
77.411
77.108
76.805
76.554
76.353
76.202
76.102
75.952
75.852
75.852
75.852
75.902
76.002
76.052
76.102
76.202
76.303
76.403
76.504
76.604
76.755
76.906
76.956
76.956
77.006
77.107
77.158
77.158
77.209
77.310
77.411
77.512
77.614
77.715
77.867
78.070
78.273
78.426
78.579
78.834
79.090
79.346
79.706
80.170
80.738
81.466
82.302
83.248
84.359
85.532
86.768
88.013
89.214
90.424
91.588
92.648
93.601
94.561
95.355
95.981
96.610
97.126
97.644
98.105
98.394
98.625
98.740
98.740
98.682
98.509
98.220
97.816
97.298
96.782
96.210
95.582
94.900
94.165
93.489
92.815
92.145
91.532
91.032
90.534
89.983
89.543
89.214
88.885
88.612
88.394
88.176
88.067
88.067
88.122
88.285
88.612
88.995
89.433
89.872
90.258
90.589
90.866
91.032
90.977
90.866
90.589
90.148
89.708
89.159
88.503
87.850
87.145
86.336
85.584
84.890
84.146
83.458
82.826
82.196
81.622
81.101
80.635
80.221
79.860
79.500
79.090
78.783
78.579
78.375
78.121
77.867
77.715
77.614
77.462
77.310
77.209
77.057
76.906
76.805
76.805
76.856
76.906
77.057
77.310
77.715
78.172
78.630
79.193
79.757
80.221
80.687
81.101
81.517
82.039
82.563
83.089
83.616
84.146
84.730
85.371
86.067
86.821
87.633
88.504
89.434
90.535
91.700
92.872
94.109
95.356
96.668
98.048
99.438
100.840
102.134
103.377
104.509
105.346
105.887
106.188
106.490
106.610
106.550
106.610
106.731
106.852
106.972
107.154
107.336
107.579
107.883
108.065
108.186
108.430
108.735
109.102
109.591
110.144
110.759
111.438
112.119
112.741
113.364
113.988
114.489
114.866
115.181
115.244
115.055
114.740
114.239
113.489
112.616
111.562
110.390
109.286
108.188
107.155
106.188
105.226
104.329
103.673
103.257
103.020
103.020
103.317
103.912
104.748
105.768
106.792
107.822
108.796
109.715
110.451
110.882
111.191
111.253
111.006
110.636
110.082
109.347
108.613
107.822
107.034
106.248
105.466
104.747
104.031
103.435
103.020
102.665
102.428
102.309
102.250
102.428
102.783
103.198
103.733
104.509
105.406
106.369
107.458
108.736
110.082
111.376
112.866
114.428
115.875
117.395
119.181
121.111
123.122
125.216
127.528
129.995
132.622
135.343
137.956
140.594
143.116
145.519
147.727
149.808
151.758
153.576
155.332
156.875
158.279
159.539
160.730
161.926
162.975
163.727
164.405
165.161
165.766
166.221
166.448
166.600
166.828
166.980
167.131
167.283
167.360
167.436
167.588
167.817
168.122
168.351
168.503
168.732
169.038
169.191
169.268
169.421
169.498
169.498
169.498
169.498
169.498
169.574
169.651
169.804
169.957
170.034
170.264
170.802
171.186
171.186
171.494
171.956
172.342
172.728
173.037
173.347
173.734
174.045
174.200
174.278
174.278
174.200
173.967
173.657
173.270
172.728
172.110
171.417
170.571
169.651
168.809
168.046
167.284
166.600
165.842
165.161
164.707
164.179
163.577
162.900
162.150
161.253
160.357
159.687
158.796
157.834
157.022
156.138
155.258
154.452
153.649
152.847
152.121
151.468
150.962
150.672
150.456
150.240
150.240
150.384
150.528
150.672
150.962
151.396
151.758
152.120
152.556
152.920
153.284
153.794
154.379
154.891
155.477
156.138
156.653
157.169
157.686
158.130
158.500
158.796
158.945
158.871
158.796
158.648
158.500
158.351
158.129
157.982
157.908
157.908
157.982
158.055
158.129
158.277
158.351
158.426
158.500
158.500
158.500
158.426
158.203
157.908
157.686
157.465
157.022
156.506
156.065
155.624
155.184
154.818
154.525
154.159
153.867
153.648
153.430
153.139
152.775
152.483
152.120
151.686
151.251
150.817
150.456
150.096
149.735
149.447
149.160
149.016
148.944
148.729
148.586
148.657
148.801
149.088
149.375
149.735
150.240
150.817
151.541
152.339
153.284
154.379
155.625
157.023
158.427
159.911
161.552
163.051
164.406
165.843
167.285
168.580
169.727
170.879
172.034
173.115
174.045
174.899
175.755
176.614
177.474
178.258
178.965
179.674
180.383
180.857
181.332
181.807
182.124
182.283
182.283
182.283
182.045
181.649
181.490
181.252
180.778
180.541
180.383
180.147
180.068
180.068
180.068
180.068
179.989
179.910
179.831
179.594
179.201
178.651
177.866
177.083
176.302
175.444
174.666
173.890
172.961
171.957
170.955
169.804
168.580
167.361
166.145
164.934
163.577
162.225
160.954
159.540
158.204
156.949
155.552
154.233
153.066
151.903
150.818
149.808
148.873
148.013
147.083
146.228
145.517
144.879
144.384
143.960
143.678
143.607
143.607
143.748
144.172
144.738
145.447
146.442
147.583
148.873
150.457
152.122
153.941
155.992
158.057
160.135
162.225
164.331
166.297
168.122
169.881
171.418
172.884
174.122
175.055
175.911
176.614
177.161
177.474
177.709
177.944
178.022
178.022
178.022
177.787
177.474
177.083
176.535
175.911
175.210
174.588
173.967
173.193
172.419
171.879
171.417
171.032
170.648
170.417
170.187
169.880
169.727
169.574
169.498
169.498
169.498
169.498
169.498
169.574
169.727
169.880
169.957
170.034
170.187
170.263
170.187
170.034
169.804
169.498
169.191
168.809
168.351
167.817
167.208
166.448
165.615
164.783
163.878
162.901
161.926
161.029
160.060
159.093
158.204
157.243
156.359
155.624
154.964
154.379
153.794
153.211
152.629
152.120
151.541
150.817
150.096
149.447
148.729
147.798
146.940
146.157
145.234
144.384
143.608
142.693
141.851
141.012
140.174
139.479
138.785
138.093
137.541
136.921
136.302
135.959
135.616
135.274
135.001
134.796
134.659
134.523
134.386
134.386
134.523
134.591
134.659
134.728
134.796
134.796
134.796
134.864
134.796
134.659
134.523
134.318
134.046
133.774
133.502
133.298
133.095
132.756
132.485
132.282
132.012
131.742
131.472
131.269
131.135
131.001
131.001
131.135
131.269
131.472
131.877
132.485
133.230
134.114
135.206
136.371
137.472
138.647
139.896
141.222
142.412
143.397
144.314
145.092
145.660
146.086
146.441
146.583
146.655
146.584
146.299
145.944
145.517
145.092
144.738
144.314
143.749
143.115
142.412
141.571
140.732
139.965
139.062
138.024
136.990
135.891
134.796
133.774
132.554
131.338
130.195
129.124
128.124
127.063
126.006
125.018
124.101
123.252
122.406
121.563
120.852
120.208
119.757
119.500
119.308
119.372
119.693
120.143
120.658
121.239
121.952
122.861
123.839
124.822
125.808
126.732
127.593
128.257
128.657
128.923
129.057
129.057
128.990
128.790
128.457
128.058
127.526
126.864
126.072
125.149
124.231
123.317
122.276
121.175
120.079
118.988
117.967
117.013
116.190
115.433
114.740
114.113
113.551
113.052
112.616
112.305
112.181
112.243
112.368
112.616
112.927
113.176
113.426
113.676
113.863
113.988
114.113
114.301
114.426
114.489
114.552
114.489
114.364
114.176
113.988
113.926
113.863
113.801
113.738
113.613
113.426
113.238
113.051
112.741
112.554
112.368
111.995
111.624
111.191
110.759
110.390
110.021
109.591
109.102
108.613
108.065
107.579
107.155
106.610
106.067
105.526
104.987
104.448
103.912
103.435
103.020
102.605
102.250
101.956
101.603
101.308
101.015
100.722
100.429
100.137
99.845
99.554
99.263
98.973
98.683
98.336
98.047
97.758
97.470
97.298
97.126
96.954
96.782
96.609
96.552
96.552
96.495
96.437
96.495
96.609
96.839
97.183
97.701
98.394
99.089
99.904
100.839
101.838
102.961
104.150
105.407
106.792
108.188
109.531
110.945
112.306
113.676
114.992
115.937
116.823
117.712
118.477
119.180
119.757
120.208
120.594
120.916
121.045
121.045
121.045
120.981
120.787
120.529
120.143
119.693
119.308
118.796
118.158
117.521
116.886
116.253
115.684
115.181
114.678
114.238
113.863
113.676
113.551
113.488
113.613
113.738
113.988
114.301
114.740
115.244
115.621
116.063
116.569
117.013
117.394
117.775
118.093
118.349
118.604
118.860
118.988
119.052
119.116
119.116
119.116
119.052
118.924
118.796
118.668
118.477
118.094
117.775
117.457
117.013
116.696
116.316
115.937
115.621
115.118
114.615
114.301
113.988
113.676
113.426
113.052
112.678
112.368
112.057
111.809
111.562
111.315
111.006
110.513
110.082
109.714
109.285
109.041
108.796
108.430
108.125
107.943
107.761
107.518
107.336
107.215
107.033
106.912
106.852
106.671
106.490
106.369
106.309
106.248
106.128
106.067
106.007
105.947
105.886
105.826
105.886
106.007
106.188
106.369
106.550
106.912
107.336
107.761
108.370
108.980
109.715
110.698
111.624
112.492
113.301
114.114
114.866
115.495
116.126
116.696
117.203
117.648
118.030
118.541
118.988
119.244
119.500
119.757
120.015
120.272
120.465
120.529
120.529
120.465
120.272
120.079
119.886
119.565
119.308
119.116
118.860
118.668
118.604
118.477
118.285
118.157
117.966
117.712
117.457
117.330
117.267
117.076
116.885
116.632
116.253
115.811
115.306
114.615
113.738
112.803
111.934
111.129
110.267
109.408
108.613
107.883
107.276
106.852
106.490
106.067
105.706
105.646
105.766
106.067
106.550
107.034
107.640
108.370
109.102
109.775
110.328
110.882
111.438
111.809
112.181
112.616
112.989
113.363
113.801
114.238
114.740
115.306
115.937
116.760
117.776
118.989
120.208
121.433
122.666
123.774
124.822
125.874
126.798
127.593
128.324
128.923
129.525
130.262
130.799
131.202
131.674
132.147
132.688
133.163
133.638
134.250
134.864
135.411
136.096
136.714
137.265
137.817
138.162
138.508
138.924
139.201
139.340
139.617
139.826
139.826
139.826
139.826
139.687
139.547
139.687
139.826
139.965
140.244
140.453
140.592
140.732
140.941
141.081
141.221
141.501
141.571
141.571
141.571
141.501
141.501
141.431
141.431
141.571
141.851
142.201
142.833
143.608
144.314
145.163
146.157
147.369
148.729
150.096
151.469
152.993
154.598
156.065
157.465
158.796
159.911
160.954
161.926
162.750
163.201
163.351
163.351
163.201
162.975
162.749
162.450
162.150
162.001
161.776
161.626
161.476
161.252
161.177
161.028
160.879
160.953
161.177
161.626
162.150
162.600
163.050
163.502
164.028
164.405
164.632
164.858
165.085
165.312
165.463
165.538
165.538
165.463
165.312
165.085
164.783
164.330
163.802
163.276
162.600
161.776
160.954
160.208
159.390
158.574
157.834
157.022
156.359
155.624
154.891
154.306
153.576
152.920
152.266
151.613
151.034
150.456
149.807
149.160
148.586
148.155
147.797
147.440
147.083
146.798
146.655
146.512
146.370
146.299
146.299
146.370
146.441
146.512
146.726
146.940
147.083
147.226
147.369
147.583
147.797
147.940
148.083
148.227
148.370
148.586
148.729
148.801
148.873
149.016
149.016
148.944
149.088
149.016
148.873
148.801
148.514
148.299
148.227
148.012
147.797
147.655
147.440
147.226
146.940
146.726
146.584
146.370
146.228
146.015
145.873
145.731
145.589
145.446
145.304
145.163
144.879
144.667
144.455
144.243
144.102
143.889
143.607
143.396
143.185
142.904
142.693
142.482
142.271
142.061
141.781
141.571
141.361
141.081
140.871
140.732
140.523
140.244
139.965
139.756
139.617
139.409
139.201
138.993
138.785
138.716
138.646
138.646
138.716
138.924
139.270
139.687
140.244
140.942
141.781
142.623
143.608
144.597
145.589
146.727
147.726
148.586
149.448
150.240
150.962
151.613
152.120
152.556
152.920
153.357
153.867
154.306
154.745
155.184
155.624
156.065
156.432
156.727
157.022
157.243
157.465
157.686
157.834
157.982
158.055
158.055
157.982
157.834
157.686
157.317
156.801
156.359
155.771
155.111
154.452
153.722
153.066
152.411
151.686
151.034
150.456
149.951
149.519
149.088
148.801
148.586
148.299
148.083
147.797
147.440
147.155
146.798
146.299
145.802
145.375
144.879
144.314
143.889
143.467
142.974
142.482
141.921
141.361
140.802
140.244
139.548
138.854
138.162
137.334
136.508
135.548
134.455
133.231
132.012
130.799
129.592
128.325
127.129
126.072
124.953
124.035
123.317
122.666
122.081
121.563
121.110
120.851
120.722
120.594
120.658
120.851
121.045
121.369
121.821
122.210
122.470
122.731
122.926
123.056
123.121
123.121
123.121
123.186
123.316
123.643
124.231
124.953
125.940
127.262
128.925
130.867
133.028
135.549
138.371
141.503
144.882
148.300
151.760
155.112
158.427
161.628
164.482
167.057
169.345
171.495
173.426
174.900
176.302
177.631
178.730
179.832
180.778
181.649
182.521
183.316
184.192
185.150
186.030
186.993
188.119
189.330
190.544
191.680
192.983
194.454
195.848
197.082
198.402
199.809
200.972
201.887
202.722
203.641
204.479
205.066
205.570
205.991
206.328
206.412
206.412
206.412
205.991
205.234
204.311
203.056
201.388
199.395
197.165
194.618
191.682
188.685
185.711
182.681
179.675
176.693
173.736
170.803
167.971
165.313
162.751
160.209
157.835
155.625
153.431
151.324
149.377
147.512
145.731
143.961
142.272
140.663
139.202
137.955
136.715
135.412
134.115
133.027
132.079
131.203
130.396
129.592
128.791
127.991
127.327
126.666
125.939
125.347
124.821
124.362
123.904
123.447
123.186
122.991
122.861
122.796
122.731
122.796
122.926
123.121
123.251
123.316
123.446
123.577
123.708
123.708
123.577
123.446
123.381
123.251
123.121
123.056
122.991
122.926
122.796
122.666
122.666
122.731
122.731
122.731
122.796
123.056
123.251
123.251
123.251
123.251
123.316
123.381
123.381
123.381
123.316
123.186
123.121
123.121
123.186
123.186
123.056
123.056
123.056
122.926
122.861
122.731
122.470
122.210
121.821
121.369
120.981
120.594
120.208
119.886
119.629
119.244
118.732
118.285
117.839
117.330
116.822
116.379
115.937
115.621
115.244
114.740
114.301
113.801
113.301
112.803
112.368
111.995
111.624
111.315
111.129
110.944
110.820
110.758
110.635
110.697
110.882
111.067
111.315
111.562
111.871
112.181
112.368
112.368
112.305
112.305
112.243
112.057
111.747
111.438
110.944
110.267
109.592
108.796
107.883
106.913
105.828
104.569
103.258
102.075
100.957
99.730
98.510
97.414
96.439
95.526
94.674
93.996
93.489
93.151
92.927
92.759
92.759
92.983
93.376
93.826
94.334
94.844
95.355
95.924
96.438
96.954
97.471
97.989
98.451
98.799
99.205
99.554
99.728
99.903
100.078
100.254
100.429
100.429
100.312
100.254
100.254
100.254
100.195
100.078
100.020
100.020
100.078
100.137
100.137
100.195
100.195
100.195
100.254
100.312
100.488
100.722
101.073
101.485
101.779
102.133
102.665
103.198
103.673
104.329
105.047
105.586
106.188
106.852
107.458
108.004
108.491
108.980
109.346
109.775
110.328
110.697
111.006
111.500
111.995
112.430
113.052
113.801
114.678
115.622
116.633
117.967
119.309
120.595
121.952
123.187
124.429
125.808
127.196
128.458
129.793
131.068
132.147
133.230
134.455
135.960
137.748
139.549
141.292
143.045
144.738
146.371
148.013
149.880
151.831
153.722
155.625
157.539
159.168
160.656
162.226
163.652
165.161
166.524
167.817
169.115
170.034
170.879
171.648
172.188
172.651
172.883
172.883
172.883
172.728
172.419
171.956
171.571
171.032
170.494
170.187
169.957
169.804
169.804
170.034
170.110
170.264
170.571
170.802
170.955
171.186
171.417
171.648
171.801
171.879
171.956
171.956
171.879
171.801
171.725
171.571
171.494
171.340
171.109
170.955
170.571
170.187
169.957
169.651
169.191
168.732
168.274
167.817
167.436
166.904
166.297
165.841
165.463
165.009
164.481
163.953
163.426
162.750
162.075
161.402
160.655
159.985
159.390
158.722
157.982
157.317
156.654
155.918
155.257
154.745
154.306
153.867
153.284
152.702
152.411
152.048
151.613
151.251
150.817
150.456
150.240
150.096
149.951
149.663
149.375
149.160
149.016
148.944
148.873
148.944
149.016
149.016
149.160
149.375
149.591
149.807
150.023
150.312
150.600
150.889
151.179
151.468
151.758
152.048
152.265
152.411
152.556
152.629
152.629
152.556
152.411
152.338
152.265
152.193
152.193
152.048
151.831
151.758
151.613
151.396
151.251
151.106
150.889
150.745
150.672
150.456
150.168
150.023
149.951
149.879
149.663
149.375
149.160
149.016
148.944
148.801
148.657
148.370
148.155
148.155
148.155
148.012
147.869
147.797
147.655
147.512
147.440
147.440
147.440
147.440
147.440
147.440
147.297
147.155
147.083
146.869
146.655
146.512
146.370
146.157
145.944
145.802
145.802
145.944
146.086
146.299
146.512
146.869
147.369
147.869
148.442
149.160
149.951
150.673
151.396
152.048
152.629
153.139
153.575
154.159
154.818
155.330
155.698
156.138
156.579
156.874
157.243
157.612
157.908
158.203
158.426
158.648
158.871
159.019
159.019
158.796
158.426
158.055
157.686
157.022
156.212
155.477
154.598
153.430
152.339
151.252
150.168
149.232
148.370
147.655
147.083
146.584
146.157
145.731
145.375
145.092
144.809
144.667
144.526
144.526
144.597
144.597
144.597
144.597
144.738
144.809
144.809
144.809
144.809
144.950
145.091
145.304
145.517
145.802
146.157
146.513
146.940
147.440
147.797
148.012
148.299
148.514
148.657
148.729
148.801
148.873
148.873
148.873
148.873
148.873
148.729
148.514
148.370
148.227
148.083
147.940
147.726
147.512
147.297
147.083
146.940
146.798
146.584
146.441
146.370
146.584
147.012
147.226
147.583
148.084
148.657
149.304
149.951
150.600
151.179
151.831
152.557
153.211
153.868
154.452
155.111
155.698
156.212
156.874
157.465
158.056
158.648
159.242
159.761
160.283
160.730
160.953
161.102
161.102
160.953
160.655
160.134
159.464
158.796
158.056
157.169
156.359
155.551
154.745
153.941
153.211
152.629
152.048
151.541
151.179
150.817
150.600
150.600
150.456
150.384
150.312
150.240
150.312
150.240
150.096
149.951
149.879
149.807
149.591
149.303
149.016
148.729
148.370
148.012
147.655
147.226
146.655
146.015
145.376
144.597
143.960
143.537
143.044
142.482
141.991
141.501
141.011
140.592
140.244
140.035
139.756
139.478
139.340
139.132
139.062
138.993
138.785
138.646
138.439
138.300
138.231
138.161
138.023
137.748
137.541
137.334
137.058
136.783
136.439
135.959
135.479
135.069
134.523
133.910
133.366
132.756
132.147
131.674
131.135
130.463
129.859
129.258
128.590
127.991
127.328
126.732
126.203
125.544
125.018
124.559
124.101
123.773
123.447
123.186
122.991
122.731
122.405
122.016
121.757
121.563
121.369
121.239
121.175
121.110
121.045
121.110
121.175
121.304
121.563
121.821
122.211
122.666
123.186
123.904
124.624
125.412
126.335
127.262
128.124
128.924
129.726
130.463
131.068
131.539
131.944
132.282
132.552
132.823
133.027
133.230
133.434
133.570
133.706
133.909
134.250
134.591
134.932
135.342
135.890
136.508
136.989
137.541
138.093
138.577
139.201
140.035
140.942
141.991
143.185
144.455
145.802
147.084
148.443
149.880
151.252
152.412
153.430
154.525
155.477
156.212
156.801
157.391
157.982
158.351
158.722
159.167
159.464
159.761
160.134
160.432
160.804
161.327
161.701
161.926
162.225
162.300
162.375
162.450
162.150
161.851
161.551
161.177
160.730
160.208
159.761
159.390
159.093
158.871
158.796
158.722
158.648
158.574
158.648
158.871
159.019
159.093
159.093
158.945
158.574
158.130
157.612
156.948
156.138
155.111
154.014
152.775
151.468
150.024
148.371
146.799
145.164
143.538
141.782
139.896
138.232
136.578
134.933
133.434
131.877
130.397
129.058
127.726
126.402
125.215
124.101
123.056
122.146
121.304
120.530
119.886
119.372
118.860
118.413
118.030
117.648
117.330
117.139
116.949
116.759
116.632
116.506
116.443
116.379
116.379
116.569
116.822
117.139
117.648
118.349
119.181
120.208
121.498
123.057
124.822
126.666
128.658
130.733
132.892
135.138
137.473
139.758
141.922
144.032
145.873
147.584
149.161
150.818
152.557
154.160
155.919
157.835
159.837
162.001
164.180
166.449
168.886
171.495
174.201
176.771
179.280
181.808
184.193
186.432
188.603
190.463
192.006
193.309
194.290
194.945
195.273
195.355
195.355
194.945
194.208
193.554
192.738
191.599
190.139
188.442
186.592
184.671
182.601
180.384
178.181
175.990
173.735
171.418
169.115
166.981
164.935
162.901
160.955
158.945
156.949
155.112
153.358
151.686
149.952
148.300
146.870
145.377
143.820
142.483
141.222
139.827
138.577
137.334
136.165
135.138
134.114
133.163
132.282
131.539
130.933
130.396
129.993
129.725
129.458
129.324
129.258
129.191
129.258
129.258
129.191
129.124
129.124
128.990
128.857
128.857
128.723
128.590
128.324
127.925
127.526
127.194
126.930
126.599
126.335
126.071
125.676
125.412
125.215
125.018
124.886
124.755
124.624
124.558
124.493
124.428
124.428
124.493
124.558
124.624
124.689
124.755
124.821
124.821
124.755
124.624
124.428
124.231
124.035
123.708
123.316
122.991
122.601
122.146
121.692
121.239
120.852
120.336
119.757
119.308
118.924
118.477
118.093
117.648
117.139
116.759
116.379
116.063
115.747
115.558
115.432
115.181
114.929
114.803
114.740
114.678
114.803
114.992
115.055
115.181
115.432
115.621
115.747
116.000
116.379
116.822
117.203
117.585
118.158
118.732
119.244
119.822
120.465
121.175
121.887
122.601
123.317
124.035
124.756
125.347
126.005
126.732
127.394
128.124
128.924
129.726
130.463
131.270
132.079
132.756
133.502
134.046
134.318
134.591
134.864
134.932
134.796
134.591
134.318
134.046
133.842
133.638
133.570
133.638
133.842
134.318
134.864
135.617
136.439
137.127
137.817
138.508
139.062
139.548
139.896
139.965
139.896
139.687
139.270
138.646
137.955
137.127
136.028
134.864
133.774
132.554
131.204
129.794
128.325
126.931
125.479
123.970
122.536
121.111
119.758
118.414
117.077
115.875
114.741
113.552
112.368
111.253
110.144
109.041
107.944
106.853
105.768
104.688
103.615
102.606
101.720
100.956
100.371
99.845
99.380
99.147
99.089
99.147
99.380
99.845
100.429
101.015
101.661
102.369
103.199
104.090
104.867
105.466
106.068
106.610
107.034
107.458
107.761
108.004
108.308
108.552
108.674
108.857
109.163
109.591
110.144
110.821
111.686
112.803
114.114
115.559
117.141
118.989
121.111
123.318
125.545
127.660
129.726
131.743
133.638
135.480
137.197
138.716
140.035
141.151
142.131
142.974
143.608
144.172
144.667
145.234
145.873
146.584
147.583
148.729
150.168
151.976
154.015
156.360
158.946
161.853
164.860
167.895
170.880
173.503
175.990
178.181
179.753
180.857
181.569
181.886
181.649
180.936
180.068
178.887
177.475
175.834
174.045
172.188
170.265
168.428
166.601
164.708
162.751
160.805
158.797
156.728
154.819
152.993
151.107
149.233
147.441
145.731
144.102
142.483
140.803
139.271
137.817
136.303
134.865
133.502
132.147
130.799
129.392
127.925
126.534
125.281
123.970
122.666
121.433
120.208
119.117
118.095
117.140
116.190
115.306
114.553
113.801
113.052
112.305
111.624
111.006
110.512
110.082
109.591
109.163
108.796
108.491
108.186
107.883
107.640
107.458
107.336
107.215
107.154
107.093
106.972
106.852
106.852
106.912
106.912
106.972
107.154
107.276
107.458
107.822
108.186
108.491
108.796
109.102
109.407
109.714
109.960
110.205
110.390
110.451
110.451
110.512
110.574
110.574
110.512
110.451
110.390
110.205
110.021
109.837
109.652
109.530
109.468
109.346
109.163
109.041
109.041
109.163
109.346
109.530
109.714
109.960
110.205
110.451
110.635
110.820
111.067
111.191
111.253
111.376
111.438
111.438
111.438
111.500
111.747
112.368
113.614
115.686
118.991
123.648
129.130
134.938
140.457
145.095
148.515
150.601
151.323
150.746
149.089
146.585
143.539
140.177
136.648
133.097
129.660
126.403
123.318
120.531
118.032
115.748
113.802
112.182
110.822
109.592
108.552
107.761
107.094
106.490
105.947
105.526
105.226
104.987
104.747
104.508
104.269
104.090
103.971
103.852
103.852
103.792
103.554
103.375
103.257
103.079
102.902
102.724
102.546
102.428
102.250
102.015
101.779
101.485
101.073
100.488
99.787
99.089
98.394
97.816
97.470
97.356
97.528
97.932
98.451
99.031
99.612
100.078
100.429
100.663
100.722
100.722
100.605
100.312
99.904
99.380
98.857
98.336
97.701
97.126
96.610
96.038
95.582
95.127
94.561
94.052
93.658
93.320
92.983
92.647
92.424
92.312
92.144
92.032
92.032
91.976
91.921
91.976
92.144
92.312
92.424
92.535
92.647
92.759
92.815
92.815
92.759
92.703
92.647
92.480
92.312
92.200
92.032
91.865
91.698
91.587
91.476
91.310
91.254
91.310
91.476
91.698
92.033
92.424
92.871
93.489
94.222
95.071
96.096
97.299
98.684
100.138
101.544
103.080
104.748
106.430
108.127
109.776
111.253
112.616
114.051
115.370
116.570
117.903
119.245
120.595
122.017
123.579
125.216
126.798
128.525
130.330
132.012
133.843
135.754
137.472
139.132
140.593
141.781
142.622
143.255
143.678
143.748
143.467
142.904
142.201
141.152
139.896
138.647
137.265
135.617
133.911
132.215
130.530
128.924
127.328
125.874
124.625
123.448
122.406
121.433
120.594
119.886
119.244
118.732
118.221
117.839
117.585
117.330
117.076
116.759
116.443
116.126
115.810
115.495
115.118
114.678
114.301
113.863
113.177
112.492
111.810
111.129
110.390
109.592
108.857
108.248
107.700
107.215
106.731
106.068
105.346
104.568
103.852
103.139
102.310
101.603
100.956
100.312
99.729
99.205
98.799
98.451
98.105
97.758
97.470
97.298
97.126
96.896
96.667
96.552
96.438
96.209
95.981
95.810
95.753
95.696
95.525
95.354
95.297
95.297
95.184
95.127
95.240
95.354
95.468
95.582
95.696
95.810
95.924
96.038
96.095
96.095
96.038
95.924
95.753
95.582
95.525
95.468
95.411
95.468
95.639
95.924
96.381
97.011
97.759
98.568
99.496
100.488
101.426
102.370
103.258
104.090
104.807
105.346
105.887
106.369
106.671
106.973
107.154
107.154
107.154
107.093
106.852
106.550
106.188
105.767
105.286
104.628
103.912
103.080
102.251
101.603
101.015
100.371
99.787
99.263
98.799
98.509
98.394
98.336
98.336
98.509
98.741
99.031
99.438
100.021
100.605
101.191
101.897
102.783
103.733
104.688
105.768
106.731
107.518
108.248
108.918
109.530
110.082
110.512
110.820
110.944
111.006
111.006
110.820
110.574
110.205
109.592
108.918
108.187
107.337
106.490
105.647
104.748
103.852
102.961
102.192
101.544
100.839
100.137
99.496
98.973
98.451
97.989
97.643
97.356
97.126
97.011
96.954
96.954
97.011
97.069
97.298
97.643
98.105
98.625
99.147
99.729
100.371
101.015
101.661
102.369
103.020
103.674
104.449
105.166
105.827
106.490
106.973
107.276
107.640
108.004
108.247
108.430
108.491
108.552
108.613
108.491
108.247
108.004
107.700
107.397
107.154
106.852
106.490
106.188
105.887
105.646
105.406
105.106
104.927
104.687
104.448
104.269
104.090
103.912
103.673
103.554
103.435
103.257
103.079
103.020
103.079
103.020
103.020
103.079
103.139
103.257
103.435
103.614
103.792
104.150
104.627
105.166
105.827
106.732
107.822
108.980
110.267
111.686
113.302
115.056
116.823
118.605
120.401
122.147
123.774
125.281
126.732
127.991
128.991
129.927
130.799
131.607
132.417
133.230
134.046
134.932
135.822
136.646
137.541
138.439
139.410
140.453
141.361
142.201
142.974
143.678
144.384
144.950
145.304
145.446
145.375
145.163
144.879
144.455
143.890
143.185
142.272
141.221
140.105
138.854
137.472
135.959
134.387
132.824
131.338
129.928
128.325
126.666
125.216
123.905
122.666
121.627
120.852
120.272
119.886
119.757
119.693
119.629
119.757
120.015
120.465
120.916
121.175
121.304
121.433
121.498
121.433
121.239
120.916
120.465
119.886
119.308
118.604
117.839
117.077
116.316
115.559
114.803
113.863
112.865
111.934
110.883
109.776
108.735
107.761
106.732
105.707
104.688
103.733
102.902
102.133
101.485
100.898
100.312
99.729
99.205
98.741
98.394
98.105
97.874
97.643
97.470
97.470
97.413
97.413
97.528
97.643
97.816
97.989
98.105
98.336
98.625
98.915
99.205
99.496
99.787
100.020
100.254
100.546
100.897
101.308
101.661
101.838
101.956
102.015
102.015
101.956
101.956
101.956
101.956
102.015
101.956
101.897
101.897
101.838
101.779
101.720
101.661
101.603
101.426
101.190
101.014
100.780
100.488
100.254
100.020
99.845
99.728
99.670
99.728
99.903
100.195
100.663
101.309
102.074
102.961
103.971
104.987
106.008
106.974
107.883
108.674
109.347
109.960
110.451
111.006
111.438
111.685
111.995
112.305
112.430
112.430
112.492
112.554
112.492
112.368
112.305
112.305
112.305
112.243
112.181
112.181
112.243
112.243
112.243
112.243
112.181
112.181
112.181
112.057
111.871
111.809
111.685
111.438
111.191
110.882
110.574
110.328
109.960
109.408
108.796
108.187
107.579
106.973
106.309
105.587
104.927
104.269
103.673
103.257
102.783
102.369
102.132
101.956
101.897
101.897
101.956
102.015
102.073
102.250
102.487
102.665
102.842
103.079
103.376
103.614
103.852
104.150
104.388
104.627
104.867
105.106
105.406
105.646
105.887
106.248
106.550
106.791
107.033
107.336
107.640
107.883
108.186
108.491
108.735
109.041
109.285
109.468
109.652
109.898
110.082
110.205
110.451
110.697
110.882
111.129
111.376
111.624
111.871
111.995
112.181
112.430
112.678
112.927
113.239
113.551
113.738
113.863
114.051
114.176
114.301
114.426
114.426
114.426
114.364
114.364
114.552
114.866
115.244
115.811
116.633
117.648
118.732
119.822
120.917
121.822
122.601
123.186
123.577
123.970
124.297
124.493
124.624
124.821
125.018
125.215
125.412
125.741
126.269
126.798
127.460
128.257
129.124
130.128
131.203
132.282
133.366
134.660
136.165
137.679
139.132
140.453
141.711
142.904
144.032
145.093
145.944
146.584
146.940
147.012
146.869
146.442
145.802
145.021
144.102
143.044
141.781
140.384
138.924
137.472
135.959
134.251
132.486
130.732
129.058
127.328
125.611
123.970
122.341
120.788
119.309
117.967
116.760
115.685
114.678
113.614
112.616
111.810
110.945
110.021
109.102
108.187
107.337
106.490
105.647
104.807
103.912
103.020
102.133
101.309
100.605
99.846
99.031
98.336
97.701
97.183
96.896
96.724
96.724
96.839
97.011
97.356
97.816
98.394
99.089
99.787
100.546
101.309
102.074
102.961
103.971
104.867
105.707
106.490
107.034
107.518
108.004
108.369
108.613
108.796
108.980
109.163
109.285
109.346
109.224
109.102
109.041
108.857
108.613
108.308
107.943
107.579
107.155
106.731
106.248
105.767
105.286
104.807
104.329
103.852
103.495
103.139
102.665
102.192
101.897
101.661
101.367
101.073
100.780
100.429
100.078
99.670
99.205
98.741
98.336
97.989
97.643
97.298
97.011
96.839
96.724
96.667
96.609
96.552
96.609
96.609
96.609
96.724
96.896
97.011
97.069
97.183
97.241
97.298
97.356
97.413
97.528
97.643
97.758
97.816
97.874
97.932
98.047
98.220
98.394
98.625
98.915
99.205
99.496
99.728
99.903
100.137
100.429
100.780
101.132
101.544
102.074
102.724
103.436
104.150
104.867
105.466
106.007
106.490
106.731
106.852
106.912
106.791
106.550
106.248
105.767
105.286
104.867
104.269
103.614
102.961
102.192
101.367
100.488
99.554
98.568
97.472
96.382
95.355
94.391
93.489
92.703
92.033
91.421
90.921
90.534
90.314
90.093
89.817
89.652
89.543
89.488
89.543
89.652
89.762
89.927
90.093
90.314
90.534
90.700
90.866
90.977
91.143
91.365
91.476
91.587
91.698
91.754
91.809
91.809
91.698
91.587
91.532
91.421
91.310
91.143
90.977
90.810
90.589
90.369
90.148
89.927
89.652
89.323
89.050
88.830
88.557
88.285
88.122
87.904
87.578
87.361
87.145
86.929
86.767
86.551
86.389
86.282
86.121
86.013
86.013
85.960
85.906
85.906
85.906
85.906
85.960
86.067
86.174
86.282
86.443
86.767
87.199
87.741
88.504
89.489
90.812
92.369
94.109
95.982
97.875
99.671
101.251
102.725
104.090
105.286
106.309
107.216
107.943
108.491
108.857
109.163
109.530
109.837
110.144
110.636
111.253
112.058
113.052
114.114
115.118
115.937
116.696
117.457
118.094
118.668
119.180
119.500
119.693
119.822
119.950
120.015
120.079
120.208
120.336
120.465
120.594
120.787
121.045
121.239
121.498
121.821
122.146
122.601
123.121
123.643
124.166
124.558
124.755
124.952
125.084
125.084
124.886
124.493
124.035
123.382
122.666
121.887
120.917
119.822
118.669
117.585
116.569
115.496
114.365
113.240
112.120
110.945
109.715
108.492
107.397
106.309
105.166
104.090
103.139
102.310
101.603
100.956
100.312
99.729
99.147
98.567
97.989
97.356
96.724
96.209
95.696
95.071
94.447
93.995
93.545
93.095
92.703
92.312
91.977
91.698
91.365
91.032
90.755
90.424
90.093
89.762
89.433
89.159
88.885
88.557
88.285
88.013
87.741
87.469
87.199
86.929
86.659
86.443
86.174
85.852
85.584
85.317
84.996
84.730
84.517
84.304
84.198
84.145
83.986
83.828
83.722
83.669
83.669
83.775
83.934
84.039
84.251
84.624
85.103
85.745
86.444
87.145
87.958
88.886
89.929
90.978
92.090
93.321
94.561
95.696
96.725
97.817
98.799
99.613
100.312
100.956
101.485
101.838
102.192
102.487
102.724
103.020
103.316
103.435
103.494
103.494
103.494
103.554
103.435
103.316
103.257
103.139
103.079
102.961
102.724
102.605
102.605
102.605
102.487
102.250
102.073
101.956
101.720
101.308
100.956
100.546
100.020
99.496
98.915
98.394
97.932
97.413
96.896
96.438
96.038
95.639
95.241
94.900
94.617
94.391
94.221
94.108
94.108
94.221
94.391
94.617
94.787
94.957
95.184
95.411
95.639
95.867
96.152
96.495
96.839
97.241
97.816
98.336
98.857
99.554
100.195
100.780
101.367
101.897
102.310
102.724
103.257
103.733
104.150
104.627
105.106
105.586
106.067
106.550
107.034
107.640
108.309
108.980
109.776
110.636
111.500
112.368
113.239
114.114
114.803
115.369
115.937
116.443
116.949
117.330
117.521
117.648
117.712
117.648
117.521
117.267
116.949
116.569
116.190
115.873
115.558
115.369
115.244
115.118
115.055
115.055
115.118
115.181
115.369
115.747
116.126
116.632
117.267
117.839
118.285
118.732
119.308
120.015
120.788
121.692
122.796
124.035
125.281
126.468
127.660
128.657
129.592
130.530
131.405
132.350
133.298
134.251
135.275
136.302
137.265
138.093
138.924
139.966
140.872
141.711
142.834
144.032
145.235
146.442
147.440
148.371
149.376
150.456
151.613
152.557
153.503
154.671
155.918
157.170
158.427
159.539
160.506
161.552
162.450
163.201
163.727
164.028
164.254
164.179
163.953
163.577
163.050
162.525
161.776
160.879
159.985
159.019
157.835
156.433
154.819
153.139
151.686
150.240
148.801
147.583
146.371
145.164
143.961
142.904
141.991
141.151
140.732
140.732
140.941
141.291
141.781
142.342
142.904
143.467
144.031
144.597
145.092
145.589
146.086
146.513
146.869
147.083
147.226
147.226
147.083
146.798
146.370
145.731
144.950
144.102
143.044
141.781
140.244
138.647
137.128
135.480
133.707
131.945
130.195
128.525
126.997
125.610
124.363
123.252
122.211
121.239
120.336
119.565
118.924
118.285
117.775
117.330
116.886
116.506
116.063
115.684
115.369
115.055
114.803
114.552
114.364
114.238
114.113
114.113
114.238
114.489
114.866
115.369
116.000
116.632
117.203
117.775
118.413
118.988
119.501
120.015
120.529
120.916
121.175
121.433
121.692
121.886
122.016
122.210
122.470
122.666
122.926
123.251
123.446
123.839
124.428
124.952
125.742
126.732
127.659
128.457
129.124
129.793
130.463
131.270
132.350
133.911
136.029
138.509
141.433
144.669
147.871
151.035
154.015
156.728
159.242
161.478
163.502
165.464
167.361
169.192
170.802
172.420
174.045
175.366
176.380
177.005
177.396
177.631
177.866
178.415
179.201
179.989
181.333
183.078
184.751
186.753
188.926
191.031
193.228
195.602
198.238
200.890
203.391
206.076
208.777
211.240
213.630
215.862
217.845
219.663
221.052
222.272
223.407
223.845
223.757
223.670
223.495
223.057
222.620
222.010
220.879
219.403
217.931
216.378
214.487
212.434
210.474
208.354
206.075
203.893
201.722
199.892
198.154
196.341
194.945
193.718
192.494
191.517
190.787
190.381
190.138
189.977
189.977
189.896
189.815
189.734
189.491
189.248
189.006
188.522
187.958
187.475
186.832
186.030
185.230
184.590
184.032
183.714
183.793
184.112
184.590
185.070
185.630
186.190
186.752
187.475
188.361
189.330
190.463
191.680
192.902
194.209
195.273
196.176
197.164
198.071
199.064
200.058
200.805
201.638
202.304
202.805
203.307
203.641
204.060
204.479
204.815
205.234
205.402
205.318
205.402
205.654
205.906
205.906
205.906
205.991
206.075
206.328
206.580
206.917
207.593
208.269
208.946
209.794
210.814
211.836
212.860
214.059
215.259
216.464
217.845
219.055
219.923
220.878
221.749
222.534
223.320
224.020
224.720
225.247
225.510
225.862
226.389
226.741
226.917
227.094
227.270
227.358
227.094
226.829
226.653
226.125
225.510
224.983
224.457
224.020
223.757
223.670
223.670
223.845
224.194
224.633
225.247
225.862
226.565
227.358
228.152
229.036
229.744
230.365
230.897
231.163
231.430
231.607
231.696
231.696
231.607
231.607
231.430
231.430
231.607
231.785
231.874
231.964
232.320
232.587
232.854
233.300
233.657
233.836
234.283
234.819
235.088
235.536
236.164
236.702
237.331
237.872
238.142
238.232
238.322
238.502
238.863
239.676
240.761
242.212
244.123
245.948
247.597
249.526
251.370
253.128
254.891
256.567
258.061
258.996
259.840
260.684
261.342
261.624
261.813
262.189
262.754
263.320
263.603
263.792
263.698
263.603
263.698
263.698
263.887
264.264
264.642
265.210
265.873
266.632
267.772
269.295
271.109
272.833
274.369
276.103
277.550
278.226
278.614
278.711
278.614
278.033
277.260
276.970
276.487
276.005
275.524
274.754
274.080
273.312
272.353
271.205
269.772
268.438
267.297
266.442
266.252
267.012
269.201
272.930
277.358
282.013
287.194
292.416
297.183
301.482
305.506
309.655
314.135
319.366
325.670
332.553
339.816
347.253
354.221
360.816
366.696
371.519
375.484
379.136
382.134
384.250
386.147
388.049
390.404
392.652
394.567
396.599
398.862
400.903
403.063
406.026
409.572
413.244
417.047
420.864
424.928
429.358
433.574
437.806
441.581
445.134
448.460
451.319
453.947
456.820
459.220
461.024
462.950
464.035
464.639
465.001
465.363
465.967
466.572
467.782
469.114
470.813
473.121
476.288
480.196
483.749
487.067
489.901
491.999
493.482
494.968
496.455
497.447
497.943
498.316
498.316
497.571
496.455
494.968
493.111
491.752
490.764
490.023
489.407
489.037
488.914
488.791
488.544
488.174
488.667
489.530
490.270
491.134
492.493
494.101
495.339
496.827
498.689
500.803
503.668
506.165
507.916
510.045
512.806
515.321
517.084
518.723
520.871
523.528
526.190
528.731
530.894
532.551
533.954
535.103
536.126
536.893
537.405
538.173
539.582
541.506
543.948
547.037
550.134
553.496
557.515
561.415
565.979
570.949
575.280
580.414
585.301
589.938
595.255
600.590
605.675
610.777
616.029
621.840
627.671
633.796
640.763
648.447
656.164
663.222
671.561
680.217
688.211
695.674
702.033
707.845
713.960
720.093
727.248
735.291
744.378
753.648
762.521
771.723
780.374
788.174
794.965
801.183
806.229
810.839
814.861
818.293
820.982
823.973
826.968
829.367
832.818
836.426
840.490
844.561
848.789
853.630
858.632
863.947
869.273
874.151
879.192
884.701
889.607
893.753
897.598
900.678
903.915
907.774
911.019
914.578
917.830
920.311
922.794
924.658
926.833
929.010
929.321
929.321
929.633
929.477
929.010
927.455
925.745
924.347
922.329
920.466
918.915
917.365
914.887
911.947
910.246
907.774
904.841
902.527
899.446
896.213
893.292
890.835
888.533
885.773
883.169
880.721
878.121
875.677
872.778
869.730
867.141
863.947
861.212
858.935
855.751
853.024
850.301
846.372
843.203
840.942
837.328
833.119
829.667
825.620
821.431
817.845
814.265
810.988
807.269
803.556
800.590
797.332
793.782
789.943
785.816
781.990
778.317
774.944
770.990
766.604
762.666
758.442
753.792
749.441
745.678
741.344
736.155
731.696
726.961
721.522
716.382
711.824
707.845
703.165
697.932
692.994
688.772
684.700
680.496
676.302
672.534
668.915
665.163
661.696
658.651
655.887
652.852
650.097
646.934
643.503
640.763
637.890
634.886
632.023
629.165
626.176
623.735
621.162
618.458
616.028
613.333
609.970
606.613
604.335
602.327
599.521
596.720
594.057
591.796
589.673
586.359
582.261
578.305
575.148
571.867
568.593
565.326
561.805
557.905
552.849
548.198
545.620
546.007
549.618
555.700
562.718
569.116
575.149
580.942
584.904
586.756
587.153
586.359
584.639
581.206
576.463
571.212
565.718
560.114
555.051
550.134
545.363
540.609
535.743
531.532
527.080
522.768
518.598
514.189
510.171
506.540
503.294
500.305
497.324
494.473
491.876
489.407
487.436
485.960
484.485
483.258
482.277
481.542
480.930
480.685
480.318
479.461
478.484
477.385
476.409
475.312
473.729
471.784
469.842
468.266
466.935
465.122
463.192
461.385
459.580
457.899
456.101
454.186
452.512
451.080
449.650
448.103
446.558
445.371
443.948
442.290
440.990
439.573
437.452
435.451
433.572
431.814
430.527
428.890
427.373
426.091
424.578
423.183
421.559
419.820
418.432
417.046
415.547
413.590
411.865
410.488
409.113
407.626
406.254
405.227
404.201
403.632
403.518
403.518
403.177
402.835
402.607
402.266
402.039
401.812
401.585
401.698
401.925
401.925
401.698
401.925
402.266
402.266
402.266
401.925
401.244
400.222
399.088
398.182
397.616
397.277
396.373
395.469
395.243
394.792
394.341
394.003
394.003
394.228
394.341
394.341
394.679
395.130
395.356
395.356
395.356
395.694
395.694
395.356
395.243
395.243
394.792
394.116
393.890
393.777
393.214
392.426
391.639
390.291
388.833
387.601
385.812
384.138
382.245
380.466
378.913
377.252
375.815
374.049
372.287
370.858
369.213
367.460
365.930
364.294
362.661
361.356
360.162
358.862
357.672
356.699
355.728
354.757
353.681
352.498
351.424
350.459
349.495
348.425
347.357
346.396
345.437
344.479
343.735
342.991
342.354
341.718
340.659
339.601
338.861
338.122
337.384
336.541
335.594
334.963
334.542
333.808
332.864
332.026
331.294
330.876
330.457
329.727
329.310
328.997
328.579
328.475
328.371
328.163
327.954
327.850
328.058
328.163
327.954
327.850
328.058
328.163
328.163
328.475
328.579
328.475
328.371
328.267
327.746
327.330
327.122
326.498
326.083
325.356
324.009
322.561
321.012
319.158
317.103
314.850
312.502
310.467
308.235
305.808
303.892
301.983
299.978
298.079
296.584
295.489
294.198
293.108
292.316
291.426
290.439
289.355
287.978
286.407
285.036
283.669
282.109
280.845
279.680
278.711
277.743
276.874
275.717
274.465
273.696
272.929
272.258
271.492
270.822
270.249
269.677
269.105
268.533
268.152
268.057
268.247
268.342
268.437
268.819
269.105
269.677
270.631
271.396
271.874
272.353
272.833
273.312
273.888
274.272
274.369
274.657
275.042
275.139
275.042
275.139
275.620
276.488
277.453
278.323
279.680
281.720
283.962
286.310
288.764
291.031
292.910
294.198
295.191
296.086
296.086
294.992
293.405
291.427
289.454
287.291
284.743
282.110
279.099
275.814
273.025
270.441
267.488
264.738
262.755
260.967
259.091
257.500
255.915
254.519
253.498
252.479
251.462
250.724
250.262
249.618
248.974
248.606
248.330
247.963
247.687
247.871
248.238
248.514
249.526
251.371
253.314
255.450
257.407
258.903
260.121
261.154
261.624
261.530
261.060
260.684
260.402
260.309
260.590
261.154
261.813
262.755
263.981
265.400
267.582
270.059
272.258
274.081
276.006
277.647
278.711
279.582
280.067
280.067
280.164
280.164
279.486
279.001
278.614
277.743
276.874
276.006
275.139
274.561
273.984
273.504
273.408
273.504
273.696
273.600
273.696
274.273
274.754
275.042
275.813
276.777
277.743
278.614
279.195
280.068
281.039
281.622
281.914
282.206
282.791
283.278
283.376
283.668
284.156
285.036
285.819
286.701
287.879
288.961
289.946
291.229
292.613
293.802
295.291
296.584
297.680
298.578
299.277
300.077
300.779
301.179
301.380
301.580
301.580
301.480
301.480
301.079
300.278
299.477
298.378
296.882
295.191
293.900
292.811
291.229
289.454
287.487
285.820
284.353
282.791
281.719
280.553
279.001
277.453
276.102
274.562
272.642
270.632
268.724
266.728
264.832
263.132
261.343
259.465
257.780
256.287
254.798
253.869
253.035
252.294
251.924
251.462
251.093
251.000
251.185
251.369
251.739
252.387
252.850
253.406
254.241
255.170
256.194
257.220
258.435
259.746
260.872
262.001
262.565
262.754
263.037
262.942
262.377
261.907
261.061
260.027
259.464
258.902
258.435
258.154
258.248
258.715
259.277
260.027
260.872
261.436
262.189
263.131
263.887
264.453
264.831
265.210
265.400
265.210
265.116
265.021
264.548
263.981
263.415
262.942
262.377
261.718
261.060
260.402
259.933
259.277
258.435
257.687
256.940
256.101
255.170
254.148
252.942
251.740
250.447
248.974
247.505
246.131
244.851
243.666
242.484
241.123
239.947
239.043
238.412
237.782
237.151
236.702
236.164
235.895
235.984
235.984
235.805
235.715
235.536
235.446
235.267
234.730
234.283
233.747
233.211
232.765
232.142
231.341
230.631
230.098
229.567
229.036
228.505
228.328
228.152
227.711
227.358
227.094
226.653
226.301
226.037
225.686
225.686
225.862
225.949
226.037
225.862
225.686
225.774
225.949
226.389
227.182
228.064
228.859
229.478
229.744
229.921
230.542
231.341
231.874
232.320
232.854
233.657
234.372
234.819
235.177
235.626
235.984
235.984
235.715
235.267
234.730
234.015
233.300
232.587
231.697
230.808
229.921
228.947
228.152
227.534
227.094
227.006
226.741
226.389
226.389
226.477
226.389
226.477
226.917
227.358
227.446
227.534
227.799
227.799
227.534
227.094
226.741
226.477
226.213
225.862
225.510
224.983
224.282
223.845
223.582
223.407
223.057
222.620
222.359
222.272
222.185
221.923
221.574
221.226
220.791
220.183
219.662
219.142
218.277
217.240
216.120
214.830
213.459
212.092
210.984
210.134
209.200
208.776
208.945
209.285
209.964
210.899
212.092
213.459
214.916
216.206
217.672
219.490
221.314
223.408
225.686
228.330
231.164
234.285
237.963
241.487
244.853
248.056
251.186
254.242
256.567
258.716
261.061
263.038
264.359
265.116
266.063
266.917
267.487
267.772
267.772
267.772
267.677
267.772
267.867
267.867
267.962
268.247
269.200
270.632
272.067
273.697
275.813
277.937
279.777
281.330
282.401
283.278
284.254
285.134
285.623
286.015
286.309
286.603
286.898
287.094
287.290
287.781
288.272
288.863
290.045
291.822
294.298
297.082
299.978
302.384
303.892
304.698
304.899
304.597
303.490
301.381
298.479
295.093
291.624
288.077
284.060
279.971
276.006
272.354
269.010
265.874
262.755
259.372
255.916
252.943
249.987
247.047
244.669
242.394
240.400
238.863
237.512
236.433
235.626
234.909
234.283
233.479
232.854
232.320
231.697
231.075
230.453
230.009
229.832
229.744
229.478
229.301
229.124
229.036
229.036
229.036
229.124
228.947
228.505
228.151
227.711
226.829
225.949
224.984
223.845
222.796
221.749
220.444
219.056
218.017
217.067
216.034
215.088
214.144
213.373
213.117
213.373
213.801
214.229
214.916
215.861
216.895
217.844
218.709
219.489
220.183
220.878
221.487
221.836
222.010
222.097
222.097
222.097
222.185
222.272
222.359
222.533
222.708
222.620
222.446
222.533
222.533
222.359
222.359
222.446
222.359
222.097
221.923
222.010
222.097
222.010
221.923
221.836
221.400
220.878
220.444
219.836
219.142
218.190
217.067
215.948
214.744
213.202
211.580
210.134
208.438
206.749
205.319
203.809
202.222
200.640
199.147
197.906
196.834
195.848
195.191
194.945
194.781
194.617
194.290
193.962
193.799
193.554
193.146
192.575
192.005
191.517
191.111
190.786
190.381
190.058
189.896
189.815
189.653
189.410
189.329
189.329
189.167
188.925
188.764
188.442
188.119
187.797
187.475
187.073
186.511
186.110
185.710
185.230
184.830
184.750
184.511
184.032
183.793
183.395
182.918
182.521
182.045
181.490
180.936
180.620
180.383
180.147
180.068
179.989
179.910
179.910
180.068
180.226
180.226
180.226
180.305
180.462
180.305
180.226
180.305
180.383
180.620
181.015
181.490
182.045
182.679
183.236
183.873
184.431
184.830
185.230
185.550
185.789
185.869
185.869
186.110
186.110
185.869
185.470
184.910
184.431
184.112
183.873
183.395
182.997
182.759
182.283
181.966
181.728
181.411
181.173
180.857
180.541
180.226
180.068
179.910
179.673
179.280
178.965
178.965
178.730
178.415
178.101
177.631
177.083
176.457
176.067
175.755
175.132
174.355
173.425
172.574
171.803
170.879
170.110
169.268
168.503
167.970
167.284
166.828
166.524
166.297
166.297
166.448
166.904
167.436
168.198
169.115
169.880
170.648
171.571
172.651
173.657
174.744
175.833
176.692
177.867
179.201
180.462
181.728
183.157
184.831
186.191
187.557
188.926
190.058
191.111
191.924
192.738
193.309
193.554
193.717
193.636
193.554
193.309
192.820
192.331
192.005
191.599
191.111
190.705
190.219
189.653
189.248
188.845
188.361
187.797
187.154
186.511
185.790
185.150
184.511
183.873
183.156
182.441
181.807
181.252
180.699
180.462
180.620
180.620
180.620
181.015
181.728
182.521
183.316
184.032
184.750
185.630
186.431
187.073
187.716
188.361
188.845
189.087
189.087
189.087
188.925
188.603
188.280
187.716
187.073
186.271
185.310
184.272
182.919
181.254
179.281
177.162
174.978
172.729
170.495
168.275
166.145
164.105
162.151
160.283
158.501
156.728
155.112
153.649
152.412
151.468
150.601
149.807
149.160
148.657
148.299
148.083
147.940
147.869
148.012
148.155
148.299
148.729
149.160
149.519
149.807
150.096
150.528
151.179
151.613
151.831
152.193
152.411
152.629
152.775
152.847
152.993
153.066
152.920
152.775
152.775
152.702
152.629
152.483
152.338
152.265
152.193
152.048
151.758
151.541
151.396
151.179
150.889
150.672
150.384
150.023
149.807
149.735
149.519
149.088
148.657
148.370
148.227
148.012
147.797
147.583
147.369
147.155
146.869
146.655
146.583
146.512
146.441
146.370
146.157
145.873
145.517
145.163
144.950
144.738
144.455
144.172
143.819
143.537
143.326
143.115
142.904
142.693
142.482
142.201
141.991
141.921
141.851
141.851
141.851
141.851
141.991
141.921
141.781
141.781
141.851
141.921
141.991
142.061
142.131
142.131
141.991
141.851
141.781
141.711
141.501
141.291
141.081
140.871
140.801
140.732
140.662
140.732
140.801
140.801
140.801
140.941
141.081
141.151
141.361
141.501
141.781
142.201
142.482
142.763
142.904
142.974
142.974
142.974
143.185
143.396
143.467
143.607
143.819
143.960
144.172
144.526
144.809
144.950
145.305
145.873
146.370
146.798
147.226
147.655
148.155
148.729
149.160
149.519
149.951
150.240
150.673
151.323
151.831
152.120
152.484
153.066
153.575
154.086
154.598
155.111
155.624
156.065
156.654
157.169
157.465
157.760
158.204
158.648
159.019
159.464
159.910
160.432
160.879
161.252
161.776
162.225
162.675
163.201
163.577
163.878
164.254
164.632
164.934
165.236
165.463
165.690
165.917
166.145
166.448
166.676
166.980
167.283
167.665
168.274
168.809
169.344
169.651
170.034
170.725
171.186
171.571
172.188
172.883
173.580
174.589
175.833
177.161
178.730
180.462
182.124
183.873
185.791
187.718
189.492
191.112
192.739
194.045
195.109
196.176
196.917
197.411
197.906
198.319
198.649
198.815
198.815
198.567
198.319
198.071
197.658
197.328
196.752
196.258
196.012
195.683
195.273
194.945
194.863
194.617
194.453
194.617
195.027
195.683
196.176
196.752
197.246
197.493
197.989
198.567
199.146
199.643
199.975
200.141
200.224
200.307
200.224
200.141
199.975
199.809
199.643
199.146
198.649
198.071
197.411
196.834
196.094
195.601
195.109
194.290
193.717
193.309
192.820
192.412
192.005
191.517
191.111
190.705
190.219
189.896
189.572
189.167
188.925
188.683
188.361
188.119
187.877
187.475
187.154
186.993
186.832
186.511
185.950
185.550
185.230
184.830
184.510
184.112
183.714
183.236
182.759
182.441
182.283
182.045
181.649
181.331
181.094
180.857
180.699
180.541
180.383
180.305
180.383
180.462
180.462
180.541
180.699
180.857
181.015
181.331
181.569
181.886
182.283
182.600
182.758
182.838
182.997
183.156
183.156
183.077
183.077
183.077
182.918
182.679
182.283
181.807
181.332
180.857
180.541
180.147
179.752
179.437
179.201
179.044
178.730
178.494
178.415
178.258
178.022
177.631
177.318
177.083
176.926
176.848
176.770
177.005
177.709
178.651
179.753
181.095
182.760
184.751
186.833
189.007
191.193
193.146
195.027
196.917
198.568
200.225
201.804
203.223
204.563
205.739
206.918
208.269
209.539
210.473
211.324
212.177
212.774
213.117
213.202
212.860
212.347
211.410
210.134
209.115
208.184
207.171
206.243
205.486
204.815
204.227
203.892
203.808
203.892
204.059
204.563
205.150
205.570
205.906
205.991
205.991
205.738
205.234
204.563
203.641
202.638
201.471
200.224
198.899
197.741
196.999
196.505
196.341
196.423
196.587
196.752
196.834
197.081
197.328
197.246
197.163
196.999
196.587
196.012
195.355
194.699
193.963
193.309
192.820
192.575
192.249
191.761
191.599
191.355
190.868
190.462
190.138
189.734
189.329
189.006
188.764
188.522
188.200
187.958
187.958
187.958
188.039
188.603
189.410
190.463
191.925
193.391
194.945
196.752
198.650
200.723
203.140
205.908
208.862
212.093
215.433
218.537
221.663
224.897
227.888
230.543
233.301
236.165
238.864
241.577
244.305
247.138
249.895
252.573
255.264
257.781
260.215
262.567
264.643
266.728
268.438
269.868
271.205
272.258
273.216
273.888
274.272
275.042
276.488
278.034
279.971
282.792
286.114
290.045
294.398
298.380
302.084
305.505
308.437
311.077
313.420
315.259
316.898
318.232
319.260
320.290
320.599
320.393
320.599
321.115
321.321
320.909
320.702
320.806
320.909
320.806
320.496
320.187
319.878
319.363
318.746
317.924
316.488
314.850
313.318
311.586
309.350
306.717
303.591
300.279
296.585
292.317
287.488
282.403
277.551
272.643
267.774
263.228
259.091
255.264
251.925
249.066
246.314
243.576
241.033
238.593
235.985
233.212
230.454
227.536
224.546
221.663
218.624
215.776
212.947
210.134
207.424
204.899
202.555
200.474
198.651
196.670
194.781
193.065
191.355
189.734
188.280
186.832
185.390
184.033
182.522
181.016
179.989
178.965
177.788
176.770
175.911
175.132
174.510
174.045
173.579
173.115
172.651
172.342
172.188
171.879
171.725
171.801
171.879
172.033
172.265
172.574
172.883
173.270
173.579
173.812
174.045
174.122
174.122
174.045
173.967
174.045
174.122
174.045
173.890
173.890
173.967
173.812
173.657
173.579
173.347
173.192
173.115
172.960
172.806
172.651
172.497
172.497
172.574
172.651
172.806
173.037
173.424
173.967
174.666
175.678
176.927
178.259
179.911
181.808
183.793
186.031
188.442
190.869
193.147
195.191
196.917
198.402
199.726
200.889
201.804
202.555
203.223
203.809
204.395
204.982
205.570
206.075
206.580
207.086
207.338
207.423
207.677
207.846
207.846
208.015
208.100
207.930
207.677
207.592
207.592
207.508
207.592
207.508
207.423
207.339
207.086
206.833
206.580
206.412
206.328
206.243
206.159
206.243
206.412
206.580
206.833
207.255
207.677
207.930
208.100
208.184
208.269
208.438
208.522
208.607
208.692
208.776
209.030
209.200
209.285
209.454
209.539
209.539
209.454
209.539
209.709
209.624
209.539
209.624
209.624
209.539
209.369
209.200
209.115
209.200
209.539
209.709
209.539
209.285
209.115
208.776
208.100
207.171
205.823
203.893
201.306
197.908
193.720
188.929
183.797
178.419
172.964
168.048
164.331
162.151
161.851
163.202
165.843
169.423
173.582
177.711
181.412
184.512
187.074
189.088
190.463
191.517
192.331
193.064
193.881
194.699
195.602
196.670
197.659
198.899
200.224
201.721
203.474
205.235
207.425
209.795
212.177
214.917
218.018
221.053
223.933
226.830
229.568
232.232
234.910
237.422
239.676
242.031
243.940
245.217
246.497
247.596
248.422
248.790
248.698
248.422
247.871
247.138
246.588
246.313
245.765
245.125
244.943
244.943
245.125
245.582
246.313
247.505
249.066
250.909
252.664
254.148
255.356
256.101
256.567
256.567
255.728
254.612
253.406
251.832
249.803
247.413
245.126
243.030
240.762
237.963
235.089
232.321
229.656
227.006
224.371
221.750
219.143
216.637
214.316
212.263
210.134
208.015
206.160
204.480
202.889
201.305
199.644
198.071
196.670
195.437
194.290
193.228
192.250
191.112
190.138
189.249
188.119
187.154
186.592
186.030
185.390
184.830
184.351
183.952
183.554
183.236
182.997
182.759
182.441
182.203
182.124
182.045
182.124
182.203
182.045
181.728
181.411
180.936
180.147
179.359
178.730
178.180
177.553
177.005
176.692
176.692
176.848
177.161
177.631
178.180
178.965
179.752
180.620
181.569
182.442
183.316
184.032
184.590
184.990
185.470
186.110
186.511
186.672
186.993
187.314
187.555
187.716
187.797
187.716
187.555
187.234
186.672
186.190
185.630
184.990
184.431
183.952
183.395
182.997
182.600
182.124
181.728
181.174
180.541
179.989
179.359
178.651
177.945
177.239
176.458
175.522
174.666
173.890
172.961
172.034
171.340
170.571
169.727
169.038
168.351
167.588
167.283
167.132
166.448
165.841
165.387
165.009
164.858
164.858
165.161
165.766
166.676
167.893
169.575
171.495
173.426
175.367
177.161
178.887
180.621
182.204
183.554
184.831
186.111
187.073
187.878
188.683
189.329
189.977
190.624
191.355
192.168
193.064
193.881
194.863
195.930
196.999
198.402
199.975
201.638
203.391
205.487
208.016
210.985
213.716
216.206
218.450
220.096
221.139
221.574
221.662
221.400
220.878
220.096
219.056
217.758
216.464
215.174
213.887
212.689
211.410
210.049
208.608
207.087
205.655
204.312
202.889
201.305
199.644
198.071
196.505
194.781
193.228
191.924
190.463
188.926
187.717
186.752
185.710
184.591
183.634
182.918
182.124
181.332
180.778
180.305
179.910
179.437
179.044
178.730
178.258
177.944
177.709
177.474
177.161
176.770
176.613
176.379
176.145
175.989
175.755
175.522
175.288
175.210
174.977
174.743
174.666
174.510
174.200
173.890
173.812
173.967
174.200
174.355
174.355
174.355
174.588
174.743
174.743
174.821
174.976
174.976
175.132
175.522
175.833
176.145
176.457
176.848
177.474
178.337
179.201
180.147
181.412
182.839
184.352
186.031
187.717
189.330
190.869
192.332
193.800
194.945
195.848
196.752
197.576
198.484
199.560
200.639
201.638
202.722
204.145
205.739
207.171
208.608
210.304
212.007
213.545
214.916
216.120
217.672
219.142
220.357
221.400
221.923
222.097
222.185
221.749
220.704
219.403
217.845
216.034
213.973
212.092
210.389
208.608
206.918
205.235
203.558
202.055
200.723
199.478
198.402
197.411
196.423
195.519
194.699
193.881
192.901
192.005
191.111
190.219
189.249
188.200
187.234
186.111
185.070
184.272
183.554
182.839
182.045
181.253
180.462
179.831
179.280
178.651
177.945
177.396
177.083
176.692
176.301
175.911
175.600
175.210
174.898
174.743
174.355
174.045
173.812
173.579
173.424
173.115
172.574
171.956
171.571
171.186
170.648
170.034
169.344
168.656
167.817
166.904
166.145
165.388
164.556
163.953
163.502
163.050
162.749
162.749
162.900
163.050
163.201
163.502
163.878
164.103
164.254
164.481
164.783
164.858
164.934
165.161
165.312
165.538
165.917
166.372
166.752
167.055
167.360
167.741
168.274
168.732
169.038
169.421
169.727
170.034
170.340
170.417
170.648
170.725
170.494
170.494
170.494
170.494
170.571
170.571
170.571
170.494
170.340
170.187
170.034
169.804
169.421
168.885
168.503
168.198
167.741
167.360
166.904
166.448
166.069
165.765
165.538
165.236
165.161
165.161
165.085
164.934
164.707
164.632
164.556
164.405
164.254
163.953
163.502
163.050
162.675
162.599
162.674
162.599
162.525
162.525
162.675
162.975
163.426
163.953
164.405
164.783
165.009
165.312
165.463
165.538
165.614
165.538
165.538
165.538
165.614
165.614
165.766
165.993
166.145
166.372
166.676
167.208
167.970
169.039
170.495
172.266
174.511
177.398
180.464
183.317
186.111
188.684
190.788
192.658
194.209
195.520
196.752
197.658
198.236
198.732
199.229
199.809
200.307
200.473
200.390
200.307
200.224
199.892
199.477
198.815
197.906
196.752
195.273
193.637
191.843
189.977
188.039
186.031
184.113
182.601
181.411
180.541
180.226
180.226
180.305
180.383
180.226
179.910
179.359
178.494
177.474
176.380
175.055
173.503
172.034
170.572
169.115
167.741
166.372
165.236
164.255
163.276
162.450
161.776
161.103
160.357
159.910
159.613
159.316
159.093
159.093
159.167
159.167
159.316
159.390
159.538
159.612
159.612
159.761
159.836
159.761
159.612
159.464
159.316
159.167
159.019
158.871
158.945
159.390
159.985
160.880
162.151
163.351
164.708
166.297
167.817
169.192
170.418
171.726
173.193
174.511
175.755
177.083
178.416
179.674
180.779
181.966
183.396
184.751
185.870
187.074
188.119
189.168
190.625
192.087
193.555
195.027
196.505
198.154
199.726
201.055
202.054
202.889
203.474
203.557
203.474
203.557
203.557
203.474
203.307
202.972
202.805
202.554
202.137
201.971
201.554
200.805
200.224
199.643
198.981
198.319
197.494
196.505
195.601
194.863
193.963
192.983
192.168
191.274
190.462
189.734
188.926
188.119
187.395
186.672
185.870
185.150
184.352
183.395
182.521
181.649
180.778
180.068
179.201
178.337
177.474
176.458
175.522
174.743
173.812
172.728
171.803
170.879
169.957
169.038
168.122
167.132
166.297
165.690
165.085
164.632
164.179
163.727
163.351
162.900
162.525
162.375
162.225
162.001
161.626
161.177
160.953
160.655
160.283
159.985
159.613
159.316
159.093
158.796
158.574
158.204
157.760
157.391
157.096
157.022
156.874
156.653
156.506
156.579
156.726
156.726
156.653
156.506
156.432
156.432
156.285
156.065
155.771
155.404
155.037
154.598
154.233
153.940
153.575
153.139
152.629
152.193
151.903
151.541
151.179
150.817
150.456
150.168
150.096
150.023
149.951
149.951
149.807
149.735
149.807
149.879
149.807
149.663
149.591
149.591
149.591
149.591
149.591
149.519
149.375
149.231
149.160
149.231
149.231
149.016
148.729
148.514
148.514
148.729
149.016
149.375
149.807
150.240
150.745
151.323
151.903
152.411
153.066
153.648
154.013
154.379
154.745
155.037
155.257
155.551
155.771
156.065
156.432
156.801
157.243
157.539
157.834
158.278
158.871
159.539
160.208
160.954
161.701
162.450
163.276
164.255
165.161
166.069
167.056
167.970
169.039
169.957
170.802
171.725
172.419
172.883
173.037
172.883
172.497
172.110
171.571
170.955
170.264
169.498
168.733
167.893
167.056
166.221
165.463
164.632
163.802
162.826
161.776
160.730
159.688
158.722
157.760
156.801
155.844
155.037
154.306
153.503
152.702
151.976
151.396
150.889
150.384
150.096
149.951
149.807
149.663
149.591
149.591
149.807
149.951
149.807
149.591
149.303
148.873
148.370
147.940
147.369
146.655
145.944
145.305
144.809
144.314
143.678
143.044
142.412
141.991
141.921
141.711
141.431
141.361
141.501
141.781
142.201
142.763
143.467
144.314
145.376
146.513
147.583
148.801
149.879
150.890
152.049
153.139
154.233
155.258
156.212
157.096
157.539
157.760
157.982
157.982
157.908
157.982
157.908
157.834
157.908
157.834
157.982
158.203
158.055
157.834
157.612
157.243
157.022
156.801
156.432
156.285
156.212
156.138
156.065
155.991
155.991
155.918
155.771
155.551
155.257
155.183
155.183
155.037
155.110
155.330
155.551
155.771
155.991
156.138
156.580
157.243
157.760
158.426
159.167
159.836
160.432
160.953
161.252
161.476
161.626
161.626
161.476
161.327
161.252
161.028
160.730
160.581
160.432
160.432
160.432
160.432
160.655
161.028
161.551
162.075
162.600
162.975
163.426
163.953
164.330
164.707
165.085
165.463
165.765
165.993
166.069
166.069
166.221
166.145
165.841
165.538
165.161
164.707
164.179
163.652
163.126
162.600
162.150
161.776
161.327
160.879
160.581
160.357
160.134
159.910
159.761
159.538
159.242
158.945
158.648
158.426
158.130
157.908
157.760
157.465
157.169
156.874
156.579
156.432
156.359
156.212
156.138
156.065
155.918
155.844
155.771
155.698
155.624
155.477
155.404
155.404
155.404
155.257
154.964
154.598
154.233
153.867
153.284
152.775
152.411
151.903
151.323
150.745
150.240
149.663
149.088
148.657
148.155
147.655
147.226
146.798
146.299
145.873
145.446
144.879
144.384
143.960
143.607
143.255
142.693
142.271
141.921
141.571
141.361
141.151
141.081
141.081
140.871
140.453
140.314
140.314
140.174
140.035
139.896
139.687
139.547
139.547
139.409
139.270
139.062
138.785
138.646
138.369
137.954
137.679
137.334
136.783
136.302
135.822
135.274
134.728
134.250
133.909
133.638
133.366
132.959
132.620
132.350
132.079
131.944
131.742
131.607
131.539
131.472
131.539
131.607
131.607
131.742
132.012
132.215
132.350
132.417
132.417
132.552
132.891
133.095
133.095
133.163
133.230
133.298
133.366
133.366
133.434
133.638
133.774
133.774
133.774
133.774
133.774
133.774
133.706
133.570
133.366
133.298
133.298
133.230
133.163
133.095
133.230
133.570
133.978
134.455
135.001
135.479
136.028
136.576
137.058
137.886
138.924
139.826
140.592
141.151
141.641
142.061
142.341
142.693
142.904
142.833
142.763
142.693
142.622
142.552
142.341
141.921
141.361
140.732
140.035
139.271
138.439
137.541
136.577
135.548
134.455
133.434
132.485
131.540
130.597
129.726
128.924
128.191
127.526
126.930
126.335
125.741
125.215
124.755
124.362
123.904
123.447
123.056
122.731
122.405
122.145
121.951
121.692
121.563
121.498
121.498
121.692
121.886
122.081
122.340
122.536
122.796
123.186
123.643
124.231
124.887
125.676
126.599
127.726
128.991
130.330
131.742
133.163
134.728
136.577
138.440
140.245
142.202
144.103
146.087
148.157
150.313
152.485
154.746
157.318
159.912
162.601
165.313
167.895
170.649
173.348
175.912
178.338
180.384
182.363
184.193
185.630
186.993
188.280
189.249
190.058
190.787
191.274
191.599
191.761
191.924
192.086
192.168
192.086
191.924
191.761
191.680
191.599
191.192
190.786
190.381
189.734
189.248
188.764
188.039
187.475
186.913
186.270
185.630
184.830
183.952
183.077
182.045
180.858
179.674
178.572
177.318
175.834
174.200
172.420
170.649
168.810
166.981
165.010
162.826
160.731
158.574
156.434
154.452
152.485
150.529
148.729
147.084
145.376
143.538
141.711
139.966
138.370
136.853
135.344
133.979
132.757
131.607
130.530
129.458
128.524
127.726
126.996
126.401
125.939
125.544
125.215
125.018
125.018
125.215
125.478
125.939
126.599
127.394
128.324
129.391
130.597
131.945
133.434
135.001
136.646
138.301
139.966
141.501
142.974
144.314
145.518
146.584
147.297
147.869
148.370
148.657
148.801
148.801
148.586
148.227
147.797
147.297
146.727
146.015
145.093
144.172
143.255
142.342
141.431
140.453
139.479
138.577
137.679
136.852
136.165
135.343
134.523
133.842
133.163
132.417
131.742
131.202
130.665
129.994
129.391
128.791
128.191
127.593
126.996
126.467
125.873
125.347
124.756
124.166
123.708
123.316
122.861
122.470
122.146
121.757
121.498
121.239
120.981
120.851
120.722
120.594
120.529
120.465
120.401
120.401
120.401
120.465
120.529
120.594
120.658
120.594
120.465
120.336
120.208
120.208
120.272
120.208
120.079
120.015
120.015
119.886
119.693
119.500
119.308
119.116
118.860
118.668
118.477
118.285
118.093
117.839
117.585
117.330
117.013
116.759
116.506
116.190
115.811
115.369
114.992
114.490
113.863
113.301
112.678
112.057
111.500
110.821
110.144
109.408
108.613
107.883
107.215
106.550
105.887
105.286
104.687
104.090
103.614
103.198
102.724
102.310
101.956
101.544
101.190
100.956
100.722
100.429
100.137
99.903
99.612
99.322
99.205
99.089
98.915
98.798
98.740
98.798
98.915
99.089
99.322
99.554
99.787
100.078
100.429
100.722
101.073
101.426
101.720
102.073
102.428
102.665
102.842
103.020
103.198
103.316
103.257
103.198
103.198
103.198
103.198
103.257
103.375
103.733
104.449
105.587
107.216
109.286
111.873
114.868
118.288
121.954
125.745
129.460
132.893
136.304
139.689
142.835
145.590
148.157
150.746
153.285
156.067
159.095
162.152
165.314
168.581
171.958
175.368
178.810
182.205
185.712
189.655
193.965
198.570
203.393
207.932
212.094
215.604
218.451
220.966
222.796
224.195
225.598
227.006
228.506
230.099
231.341
232.587
233.747
234.372
234.998
235.715
236.074
236.343
236.343
235.805
235.446
235.177
234.641
234.015
233.390
232.765
232.142
231.164
229.922
228.594
227.270
226.126
224.809
223.320
221.836
220.183
218.536
216.809
214.830
212.775
210.729
208.439
205.991
203.642
201.139
198.568
195.930
193.147
190.463
187.717
184.991
182.443
179.911
177.241
174.589
172.034
169.422
166.829
164.331
161.927
159.688
157.687
155.698
153.795
152.194
150.890
149.879
149.016
148.227
147.726
147.297
146.869
146.655
146.512
146.299
145.944
145.660
145.589
145.446
145.163
144.879
144.526
144.102
143.819
143.467
142.904
142.412
141.991
141.571
141.081
140.592
140.035
139.478
139.062
138.646
138.231
137.748
137.334
136.989
136.439
135.890
135.547
135.205
134.728
134.250
133.842
133.434
133.027
132.688
132.417
132.282
132.147
132.079
132.282
132.552
132.891
133.366
133.978
134.659
135.480
136.302
136.989
137.610
138.231
138.716
139.062
139.409
139.617
139.826
140.035
140.244
140.523
140.871
141.221
141.781
142.552
143.326
144.243
145.376
146.585
147.655
148.729
149.880
150.890
151.903
153.139
154.233
155.331
156.654
158.057
159.614
161.253
163.051
165.086
167.285
169.805
172.575
175.445
178.574
181.888
185.152
188.524
192.007
195.356
198.734
202.055
205.151
208.270
211.411
214.402
217.240
220.010
222.622
224.809
226.918
228.594
229.567
230.453
230.897
231.075
231.163
230.986
230.631
230.098
229.655
229.036
228.417
227.799
227.006
226.389
225.774
224.983
224.194
223.407
222.534
221.923
221.574
221.139
220.704
220.617
220.791
221.052
221.400
221.836
222.534
223.320
224.195
225.247
226.390
227.534
228.859
230.276
231.698
233.033
234.015
234.730
235.177
235.446
235.356
234.998
234.372
233.568
232.676
231.608
230.365
228.947
227.535
226.126
224.896
223.582
222.272
221.140
220.096
219.488
219.055
218.796
218.969
219.142
219.402
219.836
220.357
221.139
221.749
221.923
222.185
222.533
222.708
222.708
222.620
222.620
222.446
222.185
221.923
221.836
221.836
221.749
221.836
221.923
222.185
222.708
223.582
224.808
226.390
228.506
231.075
233.837
236.793
239.857
242.667
245.308
248.056
250.539
252.572
254.520
256.101
257.500
258.809
259.933
260.872
261.436
262.095
262.660
262.848
262.942
263.226
263.226
262.848
262.471
261.813
261.060
259.933
258.528
256.941
255.078
253.128
251.001
248.790
246.588
244.578
242.303
240.038
238.052
236.074
234.283
232.676
231.253
229.745
228.329
226.918
225.686
224.546
223.145
221.662
220.270
218.796
217.154
215.604
214.144
212.690
211.070
209.540
207.846
206.076
204.396
202.555
200.723
198.899
197.165
195.602
194.290
192.983
191.599
190.463
189.411
188.200
186.913
185.710
184.591
183.395
182.203
181.174
180.305
179.516
178.730
178.101
177.709
177.318
176.926
176.613
176.301
175.833
175.288
174.821
174.045
173.115
172.265
171.186
170.034
168.810
167.513
166.297
165.085
163.878
162.751
161.627
160.357
159.242
158.204
157.096
156.065
155.038
154.159
153.357
152.629
152.048
151.541
151.034
150.672
150.456
150.168
149.951
149.663
149.519
149.447
149.231
149.088
149.088
149.088
148.944
148.729
148.442
148.299
148.084
147.655
147.297
146.940
146.584
146.299
146.015
145.731
145.446
145.163
144.950
144.667
144.384
144.243
144.031
143.748
143.467
143.326
143.255
143.115
142.833
142.622
142.552
142.341
142.061
141.921
141.781
141.641
141.571
141.431
141.361
141.361
141.361
141.361
141.431
141.571
141.781
142.131
142.552
143.185
143.960
145.022
146.656
148.515
150.818
153.504
156.287
159.169
162.002
164.860
167.590
169.881
171.957
173.890
175.522
177.005
178.259
179.517
180.779
182.045
183.395
184.751
186.271
188.120
190.058
191.924
193.882
195.848
197.824
199.727
201.554
203.223
204.731
206.412
208.100
209.624
211.069
212.433
213.716
214.916
216.120
217.413
218.796
220.183
221.749
223.495
225.247
227.094
228.859
230.187
231.342
232.498
233.211
233.657
234.283
235.088
235.536
235.446
235.177
235.177
235.356
235.626
236.523
237.602
238.864
240.309
241.758
243.029
243.940
244.760
245.217
245.490
245.673
245.856
246.221
246.221
246.313
246.771
247.138
247.871
248.606
249.342
250.262
251.278
252.387
253.313
254.334
255.636
256.847
257.593
258.248
258.715
258.902
259.089
258.996
258.528
258.154
257.780
256.940
256.008
255.542
254.984
254.426
254.055
253.962
254.055
254.055
254.519
255.076
255.355
255.542
255.635
255.728
255.914
256.101
256.194
256.008
255.542
255.169
254.705
253.962
253.313
253.035
252.942
252.942
253.498
254.519
255.542
256.754
257.967
258.996
260.121
261.060
261.907
262.754
263.509
264.170
264.642
265.021
265.400
265.684
265.968
266.252
266.442
266.822
267.297
267.582
268.343
269.581
270.727
272.163
273.793
275.331
276.777
278.130
279.389
280.359
281.039
281.525
281.816
282.108
282.011
281.330
280.650
279.583
277.937
275.910
273.505
270.823
267.963
264.927
261.626
258.249
254.707
251.094
247.780
244.943
242.122
239.134
236.165
233.034
230.099
227.183
224.196
221.401
218.537
215.862
213.374
210.729
208.100
205.571
202.973
200.391
197.824
195.192
192.657
190.140
187.637
185.231
182.839
180.463
178.181
175.834
173.503
171.341
169.268
167.285
165.464
163.879
162.376
160.805
159.242
157.835
156.580
155.551
154.598
153.649
152.775
151.976
151.251
150.600
150.023
149.447
149.016
148.586
148.155
147.869
147.726
147.726
147.726
147.869
148.155
148.514
149.016
149.591
150.240
150.962
151.758
152.484
152.993
153.503
154.013
154.379
154.671
154.818
154.891
155.110
155.183
155.110
155.110
155.110
155.257
155.404
155.404
155.624
155.991
156.285
156.579
156.874
157.096
157.317
157.612
157.908
158.129
158.426
158.796
158.945
159.019
159.019
158.871
158.722
158.574
158.426
158.351
158.351
158.351
158.500
158.796
159.093
159.539
160.208
161.029
162.001
162.900
163.803
164.707
165.691
166.904
168.351
170.111
172.112
174.278
176.615
179.202
181.888
184.432
186.914
189.411
191.680
193.800
195.848
197.824
199.809
201.805
203.642
205.403
207.256
208.862
210.304
211.750
213.117
214.230
215.174
216.033
216.550
216.981
217.240
217.326
217.326
217.153
217.067
217.067
217.153
217.412
217.930
218.796
219.923
221.140
222.447
223.845
225.247
226.742
228.329
229.922
231.431
232.855
234.194
235.536
236.883
238.142
239.314
240.399
241.395
242.302
243.029
243.484
243.757
243.848
244.030
244.212
244.304
244.577
244.760
245.034
245.217
245.034
244.669
243.940
243.302
242.484
241.214
239.947
238.323
236.434
234.552
232.498
230.454
228.506
226.654
225.072
223.932
223.058
222.620
222.795
223.407
224.282
225.247
226.213
227.006
227.622
228.152
228.417
228.328
228.063
227.711
227.270
226.917
226.653
226.389
226.301
226.301
226.565
227.094
227.799
228.859
230.276
232.054
234.015
235.985
237.962
239.857
241.758
243.940
246.040
247.964
250.079
252.202
254.148
256.008
257.500
258.903
260.497
261.813
262.943
263.887
264.548
265.116
265.589
265.968
266.347
266.536
267.012
267.962
269.200
271.110
273.505
276.199
279.099
282.012
284.939
287.585
289.848
291.822
293.405
294.794
296.086
296.882
297.081
297.181
297.181
296.882
296.484
295.787
294.794
293.999
293.504
292.910
292.118
291.327
290.242
289.256
288.666
287.977
287.094
286.309
285.623
284.841
284.156
283.473
282.498
281.622
281.136
280.553
280.261
280.067
279.679
279.486
279.001
278.227
277.260
275.813
273.793
271.397
268.439
265.495
262.661
259.559
256.475
253.314
250.447
247.689
244.670
241.487
238.323
235.179
232.231
229.656
227.182
224.721
222.447
220.357
218.536
216.809
215.088
213.716
212.348
210.814
209.116
207.340
205.655
204.061
202.389
200.308
198.072
196.095
194.209
192.088
189.896
187.717
185.791
184.113
182.442
180.858
179.359
177.867
176.224
174.589
173.039
171.264
169.651
168.123
166.524
165.312
164.255
163.351
162.600
162.001
161.626
161.551
161.851
162.300
162.900
163.652
164.557
165.615
166.828
168.046
169.115
170.188
171.263
172.188
172.960
173.812
174.510
174.977
175.366
175.678
175.755
175.600
175.444
175.366
175.210
174.976
174.821
174.510
174.122
173.812
173.502
173.037
172.651
172.419
172.265
172.342
172.574
173.115
174.122
175.444
176.692
178.102
179.753
181.333
182.919
184.592
186.352
188.039
189.896
192.169
194.864
198.404
202.724
207.596
213.120
218.798
224.373
229.924
235.001
239.316
242.940
245.765
247.964
249.618
250.816
252.017
253.128
254.241
255.356
256.847
258.810
260.685
262.472
264.454
266.538
268.248
269.772
271.109
272.258
273.216
274.081
274.657
274.946
274.850
274.081
272.833
271.014
269.010
267.297
265.684
264.170
263.037
262.377
262.001
261.530
261.154
260.684
260.027
259.652
259.277
258.902
258.715
258.435
258.154
258.248
258.435
258.622
258.996
259.371
259.746
260.215
260.778
261.436
262.095
262.660
263.509
264.548
265.589
266.822
268.343
270.441
272.833
275.139
277.744
280.554
283.376
285.820
288.175
290.340
291.822
293.207
294.396
295.191
295.290
295.389
295.489
294.992
294.794
294.794
294.694
294.992
295.787
296.982
298.278
299.778
301.581
303.289
305.000
306.919
308.842
310.466
311.891
313.318
314.441
315.054
315.566
315.975
316.385
316.693
316.898
317.206
317.411
317.718
317.924
318.026
318.232
318.746
319.775
321.528
323.802
326.292
329.310
332.656
336.121
339.602
342.992
346.184
348.853
351.210
353.358
355.189
356.915
358.321
359.403
360.271
361.139
361.465
361.791
362.334
362.660
363.313
363.313
363.096
363.422
363.967
364.511
364.839
365.275
365.712
366.148
366.913
367.570
368.336
368.993
369.651
370.200
370.200
370.090
369.761
369.212
368.555
367.679
366.586
365.384
364.511
363.749
362.552
361.030
359.403
358.104
356.807
355.189
353.681
352.176
350.566
349.388
348.104
346.503
345.118
343.841
342.249
340.342
338.650
336.647
334.019
331.190
327.956
324.217
320.188
316.181
312.299
308.337
304.497
300.880
297.182
293.802
290.637
287.291
283.865
280.457
277.165
273.985
270.823
267.678
264.833
262.096
259.371
256.754
254.148
251.555
248.974
246.588
244.123
241.758
239.676
237.422
235.089
233.034
231.253
229.214
227.182
225.598
224.108
222.709
221.574
220.530
219.576
218.709
217.758
217.067
216.550
216.033
215.775
215.345
215.088
215.174
215.088
214.916
215.002
215.174
215.345
215.689
216.205
216.809
217.240
217.758
218.277
218.796
219.489
220.009
220.530
221.052
221.487
222.097
222.795
223.407
223.845
224.194
224.457
224.720
225.247
225.598
225.686
226.037
226.389
226.741
227.270
227.887
228.328
228.682
229.124
229.567
230.187
230.986
231.875
233.123
234.641
236.074
237.512
238.863
239.947
240.851
241.667
242.302
242.847
243.302
243.666
243.939
244.121
244.212
244.304
244.577
244.669
244.851
245.399
246.314
247.780
249.803
252.758
256.849
261.532
266.730
272.356
277.842
283.281
288.372
292.911
296.784
300.079
302.886
304.899
306.615
308.032
308.944
309.552
309.856
310.263
310.670
310.873
311.178
312.094
313.624
315.567
318.233
321.632
325.046
327.851
330.563
333.284
335.594
337.278
338.650
340.024
340.764
341.294
341.824
342.248
342.885
343.203
343.416
343.735
343.841
343.841
343.735
343.735
343.735
343.309
342.460
341.824
341.400
340.659
340.130
339.601
339.178
338.755
338.333
338.122
337.911
338.017
338.122
338.017
337.911
338.122
338.333
338.438
338.649
338.649
338.544
338.649
338.966
339.284
339.601
339.707
339.707
339.707
339.707
339.601
339.284
339.178
339.389
339.601
339.601
339.284
338.650
338.017
337.489
336.962
335.909
334.858
334.123
333.179
332.340
331.608
330.771
330.040
329.518
329.518
330.040
331.189
332.655
334.123
335.699
337.490
339.601
341.612
343.310
345.012
346.823
348.639
350.459
352.068
353.465
354.973
356.483
357.888
359.403
360.922
362.443
363.640
364.730
366.039
367.460
368.555
369.432
370.200
370.529
370.529
370.309
369.980
369.541
369.102
368.993
368.993
368.774
368.555
368.664
368.664
368.774
368.993
368.993
368.993
368.774
368.117
367.132
366.367
365.166
363.640
361.791
359.837
357.889
355.620
353.251
350.566
347.677
344.586
341.506
338.651
335.805
332.969
330.041
327.331
324.631
321.528
318.336
314.851
310.976
306.819
302.586
298.779
294.994
291.032
287.389
283.865
280.457
277.551
274.754
271.971
269.391
266.823
264.454
262.284
260.215
258.248
256.474
254.613
252.665
250.816
249.066
247.413
245.857
244.396
242.848
241.304
239.947
238.593
237.063
235.536
234.104
232.587
230.897
229.213
227.447
225.686
224.108
222.360
220.618
219.143
217.672
216.120
214.830
213.716
212.519
211.324
210.303
209.370
208.353
207.592
206.917
206.159
205.486
204.731
204.060
203.557
202.972
202.388
201.887
201.305
200.639
200.058
199.395
198.897
198.732
198.154
197.493
197.081
196.505
196.012
195.519
194.945
194.371
193.880
193.472
192.901
192.412
191.924
191.436
191.111
190.705
190.300
189.977
189.734
189.491
189.248
189.087
188.764
188.442
188.200
187.958
187.716
187.394
186.913
186.511
186.110
185.550
185.150
184.591
184.032
183.634
183.077
182.521
182.045
181.569
181.173
180.778
180.305
179.831
179.437
179.201
178.965
178.808
178.887
178.965
179.044
179.280
179.752
180.383
181.174
182.363
183.874
185.711
187.959
190.544
193.310
196.095
198.899
201.555
204.145
206.581
208.692
210.729
212.519
214.145
215.431
216.550
217.672
218.536
219.142
219.749
220.444
220.878
221.313
221.836
222.359
222.883
223.582
224.282
224.983
225.950
227.094
228.594
230.543
232.855
235.537
238.593
242.031
245.583
249.251
253.129
256.754
259.841
262.661
265.306
267.392
269.009
270.345
271.300
271.874
272.066
271.970
271.587
271.109
270.440
269.581
268.819
267.772
266.348
264.549
262.378
260.028
257.500
254.799
251.925
248.975
246.314
243.849
241.305
239.044
236.883
234.731
233.033
231.520
230.187
229.213
228.152
226.917
225.774
224.633
223.582
222.795
222.097
221.487
221.052
220.704
220.530
220.617
220.791
221.139
221.749
222.446
223.057
223.670
224.458
225.335
226.390
227.623
228.947
230.454
231.875
233.480
235.358
237.243
239.134
240.943
242.939
245.217
247.780
250.540
253.221
255.915
258.622
261.155
263.698
266.348
268.820
271.301
273.505
275.428
277.454
279.001
280.262
281.623
282.888
283.668
284.352
284.939
285.232
285.525
285.819
286.309
286.996
287.978
288.961
289.946
291.031
292.217
293.603
294.694
295.688
296.683
297.380
298.079
298.678
299.277
299.577
299.477
299.677
299.777
299.577
299.577
299.877
300.278
300.578
300.979
301.280
301.581
302.283
302.585
302.384
301.681
300.178
297.980
295.093
291.723
287.782
283.377
278.906
274.179
269.392
264.550
259.748
255.172
250.725
246.590
242.667
238.774
235.089
231.520
228.065
224.809
221.663
218.710
215.948
213.374
210.814
208.354
206.160
204.228
202.222
199.976
197.741
195.602
193.555
191.518
189.411
187.476
185.631
183.714
181.728
179.832
178.102
176.458
174.822
173.271
171.957
170.725
169.574
168.580
167.741
166.980
166.297
165.615
165.085
164.632
164.104
163.652
163.276
162.975
162.749
162.375
161.851
161.551
161.252
160.879
160.506
160.208
159.985
159.613
159.242
158.945
158.722
158.500
158.130
157.686
157.317
156.948
156.506
156.138
155.918
155.698
155.477
155.257
155.110
155.037
154.891
154.745
154.671
154.671
154.671
154.671
154.671
154.671
154.671
154.671
154.598
154.379
154.159
153.940
153.503
153.066
152.775
152.338
151.903
151.468
150.962
150.528
150.168
149.879
149.447
148.944
148.586
148.299
147.940
147.655
147.440
147.226
147.083
147.012
146.869
146.655
146.512
146.299
146.228
146.228
146.157
146.157
146.157
146.228
146.299
146.370
146.441
146.441
146.512
146.583
146.726
147.012
147.226
147.297
147.297
147.297
147.297
147.297
147.297
147.226
147.083
146.940
146.798
146.584
146.299
145.944
145.589
145.234
144.738
144.243
143.819
143.255
142.693
142.341
141.991
141.711
141.501
141.221
140.871
140.662
140.523
140.314
140.174
139.965
139.756
139.756
139.826
139.687
139.617
139.687
139.756
139.965
140.105
140.174
140.314
140.523
140.801
141.081
141.221
141.291
141.571
141.851
141.991
142.271
142.482
142.552
142.763
142.904
142.904
142.833
142.763
142.622
142.411
142.131
141.851
141.501
141.011
140.592
140.314
140.105
139.965
139.826
139.617
139.617
139.687
139.756
139.896
140.174
140.523
140.871
141.221
141.501
141.851
142.201
142.552
142.833
143.185
143.537
143.890
144.314
144.667
145.305
146.086
146.941
147.941
149.161
150.818
152.703
154.599
156.728
159.168
161.777
164.256
166.753
169.576
172.344
174.978
177.475
179.675
181.649
183.157
184.112
184.670
184.670
184.430
184.112
183.714
183.395
183.236
183.395
183.793
184.431
185.390
186.592
188.120
189.977
191.924
193.882
195.931
198.072
200.058
201.805
203.391
204.898
206.159
207.171
208.184
209.115
209.879
210.388
210.643
210.558
210.303
210.218
210.049
209.964
210.218
210.388
210.643
211.069
211.750
212.518
213.288
213.972
214.487
215.174
215.689
216.033
216.205
216.119
215.947
215.689
215.431
214.916
214.058
213.288
212.518
211.495
210.304
208.947
207.509
205.992
204.228
202.389
200.557
198.733
196.671
194.618
192.657
190.626
188.684
186.592
184.432
182.442
180.542
178.651
176.615
174.667
172.884
170.879
168.963
167.209
165.464
163.728
162.001
160.283
158.575
156.949
155.332
153.722
152.049
150.312
148.801
147.512
146.015
144.455
142.974
141.571
140.244
138.993
137.817
136.715
135.754
134.796
134.182
133.774
133.298
133.027
132.959
133.095
133.298
133.502
133.842
134.386
135.069
135.753
136.508
137.403
138.301
139.132
139.965
140.732
141.431
142.131
142.693
143.115
143.537
143.889
144.031
144.102
144.172
144.172
143.960
143.678
143.537
143.467
143.467
143.537
143.607
143.890
144.384
144.879
145.589
146.513
147.440
148.371
149.448
150.601
151.976
153.504
155.038
156.507
157.983
159.465
160.805
162.075
163.050
163.652
164.179
164.632
164.783
164.783
164.707
164.481
164.104
163.727
163.351
163.126
163.126
163.351
164.029
165.009
166.373
168.046
170.265
173.039
175.991
179.361
183.078
186.915
190.870
194.865
198.651
202.139
205.319
208.355
211.155
213.544
215.690
217.499
219.143
220.879
222.622
224.195
225.510
227.006
228.506
229.833
231.342
232.855
234.015
234.909
235.895
236.612
236.972
237.061
237.061
237.061
237.061
237.061
236.882
236.882
236.702
236.254
236.074
235.895
235.895
235.895
235.715
235.984
236.612
237.061
237.512
238.142
238.863
239.495
240.037
240.670
241.486
242.302
243.211
244.213
244.851
245.399
245.764
246.039
246.221
246.039
245.947
246.038
245.764
245.582
245.673
245.764
245.673
245.582
245.673
246.130
246.679
247.321
248.238
249.434
250.908
252.294
253.870
255.636
257.314
258.997
260.873
262.755
264.549
266.348
267.772
269.105
270.536
271.779
272.929
273.696
274.176
274.561
274.657
274.273
273.504
272.354
270.823
268.819
266.633
264.643
262.943
261.907
261.248
260.871
261.154
262.001
263.132
264.075
264.548
264.453
263.981
263.132
261.531
259.465
257.594
255.822
254.241
253.128
252.572
252.572
253.035
253.498
253.776
253.683
252.942
252.017
250.908
249.434
247.597
245.857
244.305
242.666
241.576
241.123
241.032
241.395
242.394
243.666
244.760
245.765
246.405
246.679
247.046
247.321
247.229
247.321
247.504
247.229
246.954
246.679
246.221
245.856
245.308
244.395
243.211
241.849
240.490
239.044
237.512
235.805
233.837
231.965
230.188
228.329
226.478
224.809
223.058
221.140
219.403
217.586
215.690
213.888
211.496
208.947
206.750
204.647
202.555
200.391
198.237
196.177
194.209
192.250
190.382
188.765
187.235
185.790
184.591
183.475
182.442
181.569
180.699
179.910
179.358
178.730
177.866
177.161
176.458
175.522
174.743
173.890
172.806
171.572
170.188
168.886
167.513
166.145
165.009
163.878
162.751
161.701
160.655
159.688
158.796
157.908
157.022
156.212
155.331
154.452
153.722
152.847
151.976
151.179
150.312
149.448
148.514
147.797
147.083
146.228
145.517
144.879
144.384
143.960
143.819
144.031
144.243
144.455
144.879
145.517
146.299
147.155
148.156
149.232
150.240
151.179
151.976
152.702
153.284
153.648
153.867
153.940
153.867
153.721
153.575
153.357
152.847
152.556
152.556
152.411
152.411
152.629
153.066
153.648
154.306
155.111
155.991
156.875
157.834
158.871
159.985
161.328
162.826
164.557
166.753
169.269
172.035
174.978
178.024
181.016
183.635
185.871
187.959
189.977
191.599
193.065
194.372
195.602
196.999
198.154
199.229
200.390
201.471
202.555
203.725
205.403
207.593
210.050
213.204
216.810
220.271
223.671
226.830
229.390
231.342
232.855
233.925
234.641
235.357
236.074
236.702
237.512
238.412
239.314
240.308
241.214
242.121
243.120
244.122
244.851
245.399
245.947
246.496
246.954
247.412
247.871
248.146
248.422
248.882
249.341
249.802
250.170
250.355
250.355
250.262
249.986
249.617
249.157
248.422
247.871
247.321
246.679
246.221
245.764
245.399
245.125
244.669
243.940
243.302
242.847
242.302
241.849
241.486
241.304
241.395
241.486
241.304
240.761
240.308
240.037
239.585
239.043
238.682
238.412
237.962
237.692
237.692
237.872
237.962
238.052
238.322
238.682
239.133
239.585
240.308
241.214
242.121
243.029
244.031
244.760
245.399
246.222
246.954
247.596
248.238
249.250
250.355
251.463
253.221
255.264
257.407
259.840
262.189
264.360
266.538
268.534
270.154
271.587
272.737
273.600
274.369
275.042
275.620
275.909
276.102
276.294
276.681
276.681
276.584
276.970
276.874
276.777
276.874
276.584
276.198
276.005
275.812
275.812
275.909
275.812
275.524
275.427
275.331
275.235
275.139
274.946
274.946
274.946
274.850
274.657
274.657
274.754
274.754
274.850
274.754
274.465
274.561
274.657
274.465
274.465
274.561
274.561
274.465
274.369
274.465
274.561
274.561
274.465
274.272
273.984
273.312
272.067
270.822
269.391
267.677
265.874
263.792
261.624
259.372
257.034
254.427
251.832
248.975
245.948
242.940
239.677
236.255
232.856
229.568
226.302
223.146
220.097
217.241
214.402
211.751
209.116
206.413
203.977
201.722
199.478
197.082
194.863
192.820
190.626
188.523
186.592
184.671
182.681
180.700
178.730
176.771
174.900
172.961
171.187
169.728
168.199
166.752
165.539
164.331
163.201
162.225
161.327
160.432
159.465
158.500
157.465
156.359
155.404
154.379
153.357
152.412
151.396
150.384
149.376
148.514
147.726
146.869
146.015
145.234
144.455
143.678
143.044
142.342
141.641
140.942
140.105
139.340
138.716
138.231
137.679
137.058
136.576
136.096
135.616
135.342
135.137
134.932
134.796
134.591
134.318
134.046
133.774
133.706
133.638
133.434
133.366
133.298
133.366
133.570
134.046
134.864
136.028
137.748
139.897
142.413
145.306
148.516
151.905
155.479
159.170
162.827
166.298
169.576
172.730
175.679
178.495
181.254
183.714
186.031
188.362
190.707
193.065
195.438
198.155
201.473
205.236
209.627
214.747
220.099
225.689
231.077
235.807
239.767
242.758
244.943
246.405
247.412
248.238
249.250
250.170
250.908
252.109
253.406
254.519
255.822
257.220
258.528
259.840
261.154
262.095
262.943
263.887
264.548
265.210
265.968
266.727
267.487
268.343
269.105
269.772
270.344
270.822
271.396
271.874
271.970
271.396
270.345
268.914
266.823
264.454
261.907
259.372
257.034
254.892
253.313
252.294
251.554
251.093
251.000
250.908
250.816
250.724
250.539
250.170
249.709
249.341
248.974
248.606
248.238
248.146
248.146
248.238
248.882
249.710
250.631
251.925
253.406
254.985
256.754
258.716
260.685
262.472
264.170
265.684
267.202
268.628
269.772
270.727
271.587
272.353
272.833
273.216
273.600
273.984
274.080
274.273
274.465
274.272
274.272
274.272
274.176
274.272
274.272
274.272
274.369
274.369
274.465
274.465
274.561
274.850
274.754
274.561
274.561
274.657
274.657
274.465
274.176
273.888
273.792
273.792
274.080
274.754
275.813
277.550
279.680
282.012
284.450
286.800
289.060
291.031
292.712
294.099
295.390
296.484
297.081
297.779
298.178
298.378
298.878
298.977
299.077
299.377
299.677
300.077
300.378
300.478
300.879
301.079
301.079
301.179
301.380
301.781
301.881
302.082
302.384
302.384
302.384
302.685
302.786
302.886
303.087
302.987
302.987
303.087
302.987
302.786
302.484
302.283
301.982
301.079
299.978
298.578
296.882
295.390
293.604
291.526
289.355
286.702
283.865
280.846
277.262
273.602
269.964
266.254
262.661
259.184
255.729
252.203
248.699
245.400
242.122
238.774
235.627
232.499
229.214
226.126
223.408
220.879
218.537
216.120
213.888
211.836
209.709
207.762
205.907
203.977
201.972
200.059
198.402
196.753
195.027
193.473
192.087
190.625
189.088
187.717
186.511
185.390
184.272
183.077
181.966
181.016
180.147
179.201
178.258
177.396
176.536
175.600
174.588
173.657
172.651
171.495
170.188
168.886
167.513
166.145
164.783
163.577
162.451
161.327
160.209
159.093
158.204
157.243
156.506
155.918
155.257
154.671
154.013
153.430
153.066
152.629
152.048
151.541
151.034
150.528
150.023
149.519
149.016
148.586
148.299
148.083
148.155
148.801
150.096
151.903
154.234
157.097
160.359
163.955
167.590
171.111
174.590
177.789
180.701
183.317
185.630
187.718
189.492
190.950
192.332
193.718
195.109
196.505
198.072
200.141
202.472
204.983
207.763
210.900
214.402
217.932
221.402
224.634
227.712
230.543
233.123
235.716
238.142
240.671
243.212
245.674
248.056
250.448
252.757
254.519
256.008
257.407
258.809
259.840
260.684
261.624
262.001
262.001
261.907
261.530
260.684
259.558
258.341
256.847
255.263
253.870
252.202
250.631
249.342
247.963
246.679
245.217
243.758
242.484
241.033
239.585
238.592
237.692
236.702
235.895
235.267
234.909
234.641
234.194
234.104
234.551
234.998
235.536
236.613
237.872
238.773
239.495
240.037
240.037
239.676
239.224
238.592
237.692
236.702
235.715
234.551
233.479
232.676
231.875
231.341
230.897
230.365
230.098
230.009
230.009
229.921
229.921
230.098
230.276
230.897
232.142
233.569
235.089
236.883
238.864
240.943
243.121
245.308
247.597
249.803
252.018
254.334
256.660
258.903
260.967
262.944
264.643
266.158
267.582
268.437
269.295
270.153
270.440
270.727
271.109
271.587
271.970
272.066
272.066
272.353
272.449
272.257
272.257
272.161
272.066
271.970
271.874
271.970
271.970
271.874
272.162
272.737
273.504
274.850
276.778
278.808
280.748
282.694
284.646
286.702
288.371
289.651
290.636
291.130
291.426
291.228
290.636
289.946
289.256
288.469
286.996
284.841
282.401
279.584
276.488
273.314
269.964
266.538
263.132
259.841
256.754
253.870
251.186
248.606
246.223
244.123
242.122
240.038
237.782
235.626
233.569
231.431
229.302
227.006
224.546
221.924
219.316
216.982
214.744
212.348
210.049
208.015
205.991
204.145
202.555
201.138
199.809
198.650
197.576
196.670
196.094
195.519
195.027
194.699
194.290
193.799
193.391
192.901
192.168
191.355
190.544
189.572
188.361
187.074
185.711
184.352
182.998
181.491
179.911
178.181
176.380
174.667
173.039
171.495
169.958
168.504
167.133
165.842
164.783
163.878
163.050
162.300
161.477
160.730
160.134
159.539
158.945
158.500
158.056
157.539
157.243
156.948
156.579
156.285
156.065
155.918
155.844
155.698
155.624
155.624
155.551
155.624
155.698
155.624
155.551
155.404
155.183
154.964
154.671
154.233
153.721
153.139
152.484
151.903
151.251
150.600
149.879
149.016
148.227
147.440
146.655
145.944
145.163
144.384
143.749
143.115
142.482
141.851
141.221
140.662
140.105
139.548
138.993
138.508
138.093
137.748
137.403
137.058
136.851
136.782
136.920
137.196
137.610
138.231
138.924
139.757
140.662
141.641
142.834
143.961
144.951
146.158
147.512
148.873
150.312
151.831
153.431
155.185
156.949
158.649
160.432
162.151
163.577
164.783
166.070
167.361
168.504
169.574
170.494
171.340
171.956
172.497
173.037
173.424
173.657
173.657
173.579
173.424
173.269
172.883
172.419
172.188
172.110
172.033
172.188
172.651
173.348
174.433
175.755
177.396
179.359
181.412
183.475
185.550
187.476
189.088
190.625
192.169
193.472
194.617
195.519
196.258
196.999
197.823
198.981
200.391
202.138
204.312
206.749
209.201
211.325
213.117
214.487
215.174
215.517
215.517
215.174
214.572
213.801
213.031
212.177
211.239
210.303
209.370
208.438
207.508
206.412
205.150
203.809
202.555
201.222
199.726
198.154
196.341
194.618
193.146
191.599
190.058
188.684
187.556
186.511
185.630
184.910
184.351
184.032
183.793
183.714
183.793
184.112
184.750
185.710
186.993
188.684
190.707
192.984
195.356
197.742
200.224
202.806
205.319
207.762
210.219
212.434
214.402
216.206
217.845
219.403
220.792
221.749
222.621
223.495
224.194
224.896
225.686
226.477
227.094
227.976
229.036
230.010
231.075
232.142
233.122
233.836
234.641
235.536
236.164
236.612
236.882
236.792
236.702
236.612
236.164
235.715
235.356
235.088
234.730
234.462
234.283
233.747
233.033
232.142
231.075
229.922
228.506
226.918
225.159
223.407
221.575
219.836
218.018
216.120
214.316
212.519
210.814
209.032
207.424
205.907
204.312
202.722
200.972
199.230
197.659
195.930
194.209
192.657
191.112
189.573
188.120
186.672
185.310
184.033
182.998
182.045
181.095
180.383
179.752
179.201
178.887
178.651
178.494
178.494
178.494
178.572
178.730
178.887
179.044
179.044
178.965
178.730
178.258
177.787
177.161
176.380
175.522
174.743
173.890
172.883
171.880
170.725
169.574
168.504
167.437
166.297
165.161
164.104
162.976
161.851
160.656
159.391
158.278
157.170
155.991
154.891
153.941
152.993
152.048
151.179
150.384
149.592
148.729
147.941
147.226
146.442
145.660
144.950
144.243
143.467
142.763
142.061
141.291
140.662
140.035
139.271
138.508
137.885
137.196
136.371
135.685
135.069
134.455
133.774
133.163
132.688
132.215
131.877
131.539
131.135
130.866
130.597
130.194
129.792
129.391
128.990
128.524
127.991
127.460
126.930
126.269
125.610
125.084
124.559
124.035
123.512
122.991
122.601
122.340
122.016
121.757
121.498
121.239
121.110
120.981
120.851
120.658
120.465
120.336
120.272
120.143
119.950
119.757
119.500
119.372
119.244
119.052
118.860
118.604
118.349
118.093
117.839
117.585
117.394
117.267
117.013
116.632
116.253
116.000
115.747
115.432
115.306
115.181
114.929
114.678
114.489
114.301
114.113
113.988
113.863
113.676
113.551
113.488
113.426
113.363
113.238
113.176
113.114
112.927
112.678
112.492
112.305
112.057
111.809
111.624
111.500
111.376
111.315
111.500
111.809
112.243
112.927
113.676
114.490
115.370
116.379
117.457
118.541
119.630
120.724
121.757
122.601
123.382
124.035
124.493
124.821
125.018
125.149
125.215
125.149
124.952
124.689
124.362
123.904
123.382
122.861
122.405
121.822
121.110
120.465
119.822
119.244
118.796
118.285
117.712
117.267
116.886
116.569
116.190
115.810
115.432
115.181
114.992
114.740
114.489
114.238
114.051
113.863
113.676
113.613
113.676
113.676
113.613
113.488
113.488
113.551
113.676
113.988
114.301
114.552
114.803
115.118
115.495
115.810
116.126
116.443
116.886
117.394
117.903
118.477
118.924
119.244
119.629
120.143
120.594
120.981
121.304
121.627
121.951
122.340
122.731
123.056
123.512
123.970
124.231
124.624
125.347
126.071
126.930
127.991
129.124
130.329
131.540
132.757
134.115
135.686
137.334
138.924
140.453
141.992
143.397
144.739
146.229
147.512
148.729
150.023
151.324
152.630
153.795
155.112
156.507
157.760
159.093
160.506
161.851
163.126
164.406
165.843
167.666
169.191
170.034
170.571
170.955
171.417
171.956
172.419
172.883
173.115
172.960
172.806
172.728
172.497
172.265
171.956
171.571
171.494
171.263
171.032
170.879
170.648
170.571
170.494
170.264
169.957
169.727
169.651
169.574
169.574
169.574
169.651
169.804
169.957
170.187
170.494
170.955
171.417
171.879
172.342
172.806
173.270
173.734
173.967
173.967
173.967
173.890
173.734
173.502
173.269
173.115
172.883
172.728
172.651
172.419
172.188
172.033
171.879
171.879
172.033
172.265
172.497
172.728
173.115
173.734
174.278
174.743
175.522
176.223
176.613
177.005
177.553
178.022
178.494
178.965
179.201
179.437
179.752
179.989
180.147
180.305
180.462
180.620
180.699
180.778
180.778
180.620
180.699
180.857
180.620
180.305
180.147
179.910
179.516
178.965
178.415
177.788
177.083
176.535
175.911
175.132
174.433
173.657
172.960
172.342
171.571
170.879
170.264
169.727
169.191
168.656
168.122
167.665
167.284
166.828
166.372
165.993
165.614
165.312
165.085
164.783
164.481
164.254
164.103
163.953
163.802
163.652
163.502
163.426
163.276
163.050
162.825
162.599
162.525
162.375
162.150
162.150
162.075
161.926
162.001
162.075
162.150
162.300
162.450
162.750
162.975
163.050
163.276
163.502
163.727
163.878
163.878
163.953
164.103
164.178
164.103
164.103
164.103
164.028
164.103
164.103
163.953
163.802
163.652
163.351
162.900
162.450
161.851
160.954
159.911
159.019
158.056
156.875
155.844
154.672
153.503
152.629
151.686
150.673
149.807
149.016
148.299
147.797
147.369
146.940
146.513
146.228
146.015
145.731
145.589
145.517
145.446
145.446
145.517
145.660
145.802
145.944
146.157
146.370
146.512
146.512
146.441
146.512
146.512
146.370
146.157
145.944
145.731
145.375
144.950
144.526
144.172
143.749
143.326
142.974
142.552
142.201
141.781
141.361
141.011
140.662
140.383
140.035
139.687
139.409
139.062
138.646
138.369
138.093
137.748
137.472
137.127
136.783
136.576
136.371
136.233
136.165
136.028
135.822
135.685
135.685
135.753
135.822
135.822
135.890
136.028
136.096
136.165
136.233
136.233
136.165
136.165
136.165
136.096
136.165
136.096
135.959
135.959
136.028
136.302
136.783
137.472
138.162
138.924
140.035
141.431
143.045
144.880
146.870
148.873
150.963
153.139
155.405
157.687
159.688
161.627
163.426
164.858
166.221
167.360
168.198
168.885
169.344
169.574
169.498
169.268
168.885
168.122
167.360
166.524
165.615
164.707
163.727
162.751
161.701
160.581
159.539
158.648
157.760
156.801
155.844
154.891
153.941
153.066
152.266
151.541
150.817
150.096
149.447
148.873
148.370
147.940
147.512
147.226
147.012
146.798
146.798
146.798
146.798
146.940
147.012
147.012
147.083
147.083
146.869
146.584
146.299
146.015
145.731
145.589
145.446
145.021
144.526
144.243
143.960
143.537
143.255
143.044
142.833
142.693
142.693
142.763
142.763
142.904
143.044
143.115
143.326
143.537
143.748
143.960
144.243
144.526
144.738
144.879
144.950
145.163
145.375
145.517
145.589
145.660
145.731
145.802
146.015
146.228
146.441
146.798
147.155
147.440
147.655
147.940
148.299
148.586
148.944
149.375
149.663
149.879
150.168
150.384
150.456
150.528
150.745
150.889
150.961
151.179
151.468
151.831
152.338
153.066
153.794
154.525
155.551
156.728
157.908
159.168
160.581
162.001
163.276
164.632
166.145
167.741
169.268
170.802
172.652
174.667
176.928
179.438
182.364
185.872
189.574
193.720
198.653
203.644
208.610
213.890
219.145
224.285
229.304
234.375
239.225
244.125
249.528
255.080
260.875
267.015
272.835
278.035
282.988
287.389
290.834
293.703
296.485
299.278
302.083
305.203
309.047
313.217
317.412
321.735
325.980
330.145
334.019
337.490
340.765
343.842
346.717
349.388
351.747
353.465
354.865
356.375
357.780
358.862
359.946
361.030
361.573
361.899
362.334
362.769
363.096
363.422
363.858
363.967
364.076
364.184
364.293
364.511
364.620
365.057
365.493
365.712
366.148
367.242
368.117
368.664
369.432
370.200
370.858
371.077
371.187
370.858
370.419
370.309
370.529
371.628
373.389
375.484
377.695
379.912
381.689
383.581
385.477
387.042
388.609
390.067
391.527
392.764
394.003
395.243
396.260
397.277
398.295
399.542
401.699
404.772
409.114
414.396
419.706
425.161
430.645
435.688
440.282
444.541
448.341
451.916
455.622
459.100
462.469
466.210
470.085
474.095
478.118
482.033
486.207
490.518
494.720
498.814
503.045
507.416
511.299
514.817
517.967
521.124
524.288
526.825
529.240
531.276
532.678
533.444
533.827
534.337
534.337
534.465
534.976
534.848
535.231
535.998
536.638
537.405
538.045
538.301
538.429
539.326
540.223
540.993
542.405
543.690
544.333
545.105
545.362
545.234
545.491
545.105
544.462
543.819
542.662
541.892
540.993
539.582
537.918
535.615
533.444
530.894
527.714
524.542
521.503
518.597
514.943
511.676
509.168
506.415
503.668
500.554
497.076
494.225
492.123
489.777
487.190
484.854
482.645
480.074
477.751
475.434
472.149
469.236
466.572
463.915
461.746
459.580
457.659
455.742
454.066
452.751
451.438
450.484
449.650
448.816
447.508
446.438
445.489
443.711
441.700
439.691
437.922
436.157
434.160
432.634
431.346
430.059
429.007
428.306
427.723
426.906
426.207
425.625
425.275
424.461
423.764
423.299
422.370
421.674
421.210
420.515
419.936
419.126
418.201
417.623
416.815
415.662
414.625
413.704
413.014
412.209
410.832
409.342
408.083
407.282
406.140
404.885
403.746
402.494
401.471
400.336
399.428
398.635
397.164
396.034
395.131
394.567
394.003
393.326
393.214
392.876
392.989
393.439
393.552
393.777
394.116
394.679
395.582
396.486
397.051
397.164
397.390
397.729
397.390
396.712
396.147
395.018
393.215
390.180
385.925
381.245
376.038
370.201
364.949
360.489
357.131
355.835
356.267
358.646
363.206
369.764
377.255
385.369
393.781
401.587
408.313
413.705
418.433
422.835
426.208
428.774
430.760
432.166
433.690
435.216
436.392
437.805
440.164
442.527
445.371
448.936
452.752
457.060
461.506
466.089
470.206
474.217
478.240
481.542
484.608
487.436
489.777
491.875
492.740
492.987
492.864
492.122
491.134
489.653
488.052
486.328
484.240
482.032
479.829
477.751
475.800
473.729
470.934
468.025
465.968
463.674
461.264
459.100
456.700
454.425
452.632
451.080
450.007
448.936
447.389
445.608
444.185
443.237
441.936
440.399
439.101
437.922
436.863
436.510
436.745
437.333
438.984
440.517
441.581
442.882
443.237
443.237
443.592
443.947
444.540
445.964
448.103
450.484
453.110
455.742
457.899
459.099
459.340
459.220
458.739
457.779
456.580
455.621
454.783
453.826
453.467
453.348
453.229
453.229
453.229
453.348
453.467
453.826
454.544
455.382
456.100
457.419
459.220
460.422
461.866
463.674
465.364
467.056
469.357
471.905
474.581
477.385
480.196
483.381
486.452
489.654
492.988
496.579
500.057
503.045
505.665
507.791
509.543
510.671
511.550
512.680
513.434
514.062
514.439
514.817
515.068
515.194
515.698
515.698
515.698
516.076
516.328
516.454
517.083
517.713
518.218
518.976
519.354
519.607
520.491
521.123
521.250
521.376
521.502
521.629
522.008
521.755
520.997
520.491
519.480
518.471
517.462
516.202
515.068
513.685
511.926
510.421
508.917
507.040
505.290
503.793
502.048
500.305
498.813
497.323
495.340
493.358
491.628
489.900
488.298
486.574
485.099
483.749
481.665
479.339
477.629
475.921
474.337
473.121
471.662
470.448
469.236
468.024
467.419
466.451
465.605
465.122
464.760
464.277
463.432
462.709
462.348
461.385
459.821
458.859
457.539
455.861
454.186
452.154
450.365
448.579
446.677
444.778
443.000
441.817
440.517
439.219
437.922
436.745
436.039
435.334
434.511
433.221
431.697
430.409
429.007
427.140
425.160
423.300
421.327
419.358
417.739
416.008
414.855
414.625
414.625
414.855
415.201
415.546
415.662
415.662
415.431
415.201
414.625
413.359
412.095
410.832
409.571
408.540
407.625
406.711
406.026
405.570
404.885
404.429
404.429
404.087
403.632
403.632
403.404
403.063
403.063
403.063
403.063
402.835
402.380
402.039
401.585
401.244
401.244
400.790
400.108
399.768
399.428
399.428
399.202
398.522
398.069
397.955
397.277
396.599
396.147
395.694
395.582
395.356
394.905
394.454
394.228
393.552
393.327
393.439
393.326
393.777
394.341
394.341
394.679
395.695
396.712
397.503
398.522
399.542
400.108
400.676
401.017
401.357
402.267
403.404
404.429
405.570
406.711
407.854
409.342
410.947
413.014
415.201
417.046
418.316
419.705
421.558
423.300
425.043
426.557
427.606
428.189
429.007
429.591
429.824
430.058
430.409
430.877
431.229
431.697
432.282
433.103
434.042
434.864
435.804
436.392
436.510
436.862
436.980
437.098
437.451
437.333
436.862
436.274
435.569
434.746
433.455
431.931
430.760
429.241
427.373
425.742
423.996
422.138
420.284
418.895
417.623
416.354
415.662
415.201
415.201
415.201
415.201
415.892
416.931
417.623
417.739
418.201
419.242
420.052
419.936
419.589
419.589
419.589
419.705
419.589
419.126
418.895
418.663
418.201
417.970
417.854
417.854
418.201
418.547
419.126
420.284
421.558
422.602
423.880
425.159
425.974
427.140
428.423
429.591
431.229
432.282
432.869
433.690
434.042
433.807
433.338
432.400
431.580
430.877
429.708
428.306
426.906
425.741
424.578
423.299
422.022
421.094
420.399
420.052
420.168
420.515
421.094
422.138
423.299
424.694
426.557
428.540
430.293
431.463
432.400
433.338
434.042
434.394
434.628
434.746
434.863
434.629
434.042
433.338
432.400
431.697
430.527
428.890
427.373
425.509
423.648
421.443
418.549
415.662
412.670
409.686
406.826
403.633
400.450
397.278
394.116
391.078
388.273
385.143
381.689
378.913
376.146
373.389
370.749
367.789
364.839
361.900
358.754
355.297
351.961
348.640
345.331
342.355
339.601
337.068
334.544
332.132
330.145
328.580
327.330
325.876
324.216
322.974
321.837
320.599
319.672
318.746
317.719
317.206
316.898
316.488
316.078
316.078
315.975
315.463
315.157
314.645
313.930
313.419
312.706
311.789
310.873
310.161
309.552
308.741
307.930
306.919
305.807
304.899
303.792
302.886
302.183
301.580
301.280
300.779
300.077
299.577
299.077
298.478
298.079
297.679
297.281
296.783
296.384
296.185
295.986
295.688
295.290
295.092
294.893
294.595
294.496
294.099
293.405
292.910
292.415
291.920
291.426
290.636
289.945
289.453
288.469
287.486
286.799
286.015
285.232
284.547
283.766
282.986
282.303
281.330
280.456
279.680
278.808
278.226
277.453
276.681
276.198
275.524
274.946
274.561
274.080
273.600
273.312
273.121
272.833
272.641
272.449
272.257
272.161
271.874
271.587
271.683
272.258
273.601
275.621
278.421
282.110
286.016
290.046
294.299
298.280
301.782
305.001
307.931
310.568
312.808
314.952
317.001
318.643
320.084
321.424
322.560
323.595
324.423
325.253
326.187
326.706
326.706
326.602
326.602
326.914
327.018
326.602
326.498
326.602
326.602
326.706
326.914
327.851
329.518
331.817
334.859
338.123
341.507
344.905
348.105
350.888
353.358
355.620
357.131
358.429
359.837
360.270
360.270
360.054
359.728
359.187
358.212
357.455
356.375
355.081
354.003
352.605
351.209
349.923
348.639
347.357
346.076
345.118
343.947
342.779
341.930
340.871
339.918
338.861
337.911
337.278
336.541
336.120
335.699
334.963
334.332
334.123
334.018
333.703
333.284
333.179
333.179
333.074
333.179
333.179
333.284
333.284
332.759
332.235
331.712
330.980
330.144
329.205
328.267
327.538
326.499
325.253
324.113
323.181
322.560
321.837
321.218
320.599
319.981
319.672
319.569
319.878
320.187
320.599
321.631
322.974
324.527
326.187
327.642
329.205
330.876
332.446
333.808
335.068
336.541
337.489
338.017
338.967
340.024
340.764
341.400
342.248
343.310
344.266
345.011
345.863
346.823
347.890
348.959
349.923
351.102
352.283
353.465
354.434
355.188
355.727
356.159
356.915
357.563
357.996
358.537
359.187
359.620
359.837
360.162
360.487
361.030
361.682
362.008
362.225
362.660
362.552
362.008
361.356
360.054
358.429
356.807
355.081
353.143
351.103
348.853
346.184
343.098
339.919
336.331
332.341
328.372
324.217
320.188
316.387
312.605
309.046
305.606
302.284
298.879
295.788
293.009
290.045
287.291
284.939
282.596
280.165
278.227
276.392
274.274
272.354
270.632
268.914
267.392
265.684
263.792
261.907
260.215
258.622
256.847
255.449
254.241
252.942
251.740
250.816
250.170
249.525
248.974
248.606
248.238
247.779
247.229
246.863
246.588
246.221
246.038
245.764
245.399
245.308
245.217
244.943
244.669
244.486
244.395
244.304
244.212
244.030
243.575
243.029
242.574
242.030
241.395
240.761
240.037
239.495
238.773
237.872
237.422
236.882
236.164
235.536
234.909
234.462
233.836
233.211
232.765
232.231
231.874
231.519
231.075
230.720
230.276
229.921
229.655
229.390
229.124
228.771
228.505
228.240
227.799
227.446
227.270
227.006
226.565
225.949
225.335
224.896
224.457
223.932
223.320
222.795
222.272
221.749
221.400
220.878
220.270
219.923
219.662
219.488
219.229
218.796
218.536
218.363
218.363
218.450
218.623
219.055
219.836
221.053
222.709
224.458
226.302
228.418
230.720
233.212
235.537
237.782
240.128
242.576
244.943
247.505
250.633
254.056
257.688
261.249
264.454
267.488
270.345
272.738
274.562
276.102
277.260
277.936
278.517
278.904
279.486
280.553
281.915
283.669
285.624
287.585
289.651
291.624
293.306
294.794
296.385
297.879
298.977
300.078
301.280
302.283
302.685
302.685
302.283
301.280
299.878
297.880
295.689
293.406
290.933
288.469
286.016
283.474
280.748
277.937
275.043
271.876
268.629
265.306
261.720
258.062
254.521
251.186
247.964
244.943
241.940
238.864
235.985
233.301
230.809
228.506
226.214
224.195
222.360
220.531
218.883
217.327
215.948
214.830
213.630
212.348
211.239
210.218
209.200
208.184
207.339
206.496
205.654
204.982
204.395
203.976
203.641
203.474
203.641
204.060
204.815
205.823
207.087
208.608
210.219
212.007
213.802
215.518
217.327
219.230
221.227
223.320
225.511
227.800
230.188
232.588
234.820
236.973
238.954
240.762
242.667
244.396
246.131
248.239
250.263
252.480
254.706
256.661
258.529
260.121
261.436
262.566
263.415
263.698
263.887
263.887
263.603
263.509
263.320
262.848
262.377
262.189
261.907
261.436
261.060
260.496
259.933
259.371
258.715
257.967
257.220
256.474
255.635
254.798
253.869
253.035
252.202
250.908
249.526
248.330
247.046
245.765
244.760
243.667
242.303
241.214
240.308
239.134
237.872
236.793
235.805
234.820
233.836
232.854
232.053
231.341
230.542
229.567
228.594
227.975
227.182
226.213
225.159
224.282
223.407
222.272
221.140
219.923
218.709
217.585
216.550
215.689
214.830
213.972
213.202
212.518
212.006
211.495
210.983
210.473
209.879
209.285
208.692
208.015
207.423
206.749
206.075
205.402
204.815
204.227
203.557
203.139
202.638
202.304
202.137
201.721
201.305
201.055
200.805
200.390
199.975
199.726
199.560
199.395
199.229
199.229
199.229
199.146
199.063
199.146
199.395
199.560
199.726
199.892
200.141
200.390
200.473
200.639
200.805
200.805
200.971
201.055
200.805
200.638
200.473
200.141
199.726
199.477
199.063
198.402
197.823
197.164
196.505
195.847
195.355
194.945
194.453
194.044
193.880
193.717
193.554
193.472
193.228
193.064
192.901
192.738
192.493
192.005
191.517
190.949
190.381
189.896
189.410
189.006
188.522
188.039
187.716
187.314
186.993
186.672
186.270
185.950
185.710
185.550
185.390
185.230
185.230
185.230
185.150
185.230
185.150
184.910
184.750
184.670
184.590
184.351
184.191
183.952
183.793
183.554
183.077
182.679
182.203
181.569
180.857
180.147
179.437
178.651
177.866
177.239
176.458
175.755
175.132
174.433
173.967
173.502
173.037
172.806
172.497
172.110
171.879
171.801
171.648
171.494
171.263
170.955
170.648
170.110
169.498
168.962
168.503
167.970
167.360
166.752
166.145
165.539
165.009
164.481
163.953
163.502
163.050
162.675
162.300
161.851
161.476
161.252
160.953
160.655
160.432
160.208
159.985
159.687
159.390
159.093
158.945
158.871
158.722
158.648
158.648
158.574
158.500
158.500
158.574
158.648
158.722
158.796
158.871
158.871
158.796
158.871
158.945
159.019
159.093
159.019
158.945
158.796
158.648
158.500
158.203
157.982
157.760
157.465
157.169
156.948
156.874
156.800
156.726
156.726
156.579
156.432
156.432
156.432
156.506
156.579
156.653
156.800
156.800
156.726
156.800
157.022
157.243
157.465
157.686
157.908
158.129
158.277
158.500
158.648
158.722
158.871
158.871
158.871
158.796
158.574
158.500
158.351
158.055
157.760
157.465
157.169
156.948
156.653
156.432
156.432
156.506
156.579
156.874
157.465
158.130
158.945
159.911
161.104
162.451
163.803
165.085
166.372
167.436
168.351
169.268
169.804
170.187
170.571
170.802
170.879
170.879
170.802
170.571
170.187
169.804
169.574
169.268
168.809
168.274
167.893
167.436
166.828
166.297
165.841
165.463
165.085
164.858
164.632
164.330
164.178
164.028
163.802
163.577
163.276
163.050
162.825
162.525
162.225
161.851
161.476
161.177
160.730
160.357
159.985
159.538
159.093
158.648
158.278
157.834
157.465
157.169
156.948
156.727
156.432
156.138
155.918
155.771
155.551
155.330
155.183
154.964
154.745
154.598
154.379
154.013
153.721
153.503
153.139
152.702
152.266
151.831
151.541
151.323
151.034
150.889
150.817
150.745
150.745
150.745
150.817
150.961
151.106
151.323
151.613
151.831
151.976
152.120
152.411
152.702
152.847
152.993
153.139
153.284
153.503
153.721
153.794
153.794
153.867
153.940
154.086
154.306
154.306
154.233
154.159
154.159
154.086
153.867
153.721
153.648
153.721
153.721
153.648
153.648
153.648
153.503
153.430
153.503
153.503
153.575
153.648
153.794
154.013
154.159
154.233
154.379
154.598
154.818
155.110
155.330
155.551
155.771
155.991
156.212
156.359
156.579
156.874
157.096
157.243
157.391
157.465
157.465
157.612
157.686
157.612
157.539
157.391
157.243
157.096
156.948
156.727
156.506
156.359
156.065
155.698
155.477
155.257
154.964
154.671
154.379
154.013
153.721
153.357
152.920
152.556
152.120
151.758
151.323
150.817
150.456
150.096
149.591
149.088
148.657
148.227
147.869
147.512
147.083
146.726
146.370
146.015
145.660
145.092
144.597
144.172
143.608
143.115
142.693
142.271
141.851
141.431
141.081
140.871
140.662
140.453
140.453
140.523
140.592
140.662
140.732
141.011
141.361
141.641
141.991
142.482
142.904
143.255
143.607
143.819
144.031
144.172
144.243
144.243
144.243
144.243
144.172
144.243
144.243
144.031
143.960
143.960
143.889
143.819
143.819
143.889
144.031
144.172
144.384
144.738
145.092
145.375
145.589
145.873
146.157
146.370
146.512
146.655
146.726
146.655
146.583
146.370
146.086
145.873
145.517
145.092
144.738
144.384
143.960
143.467
142.904
142.342
141.781
141.221
140.662
140.105
139.617
139.201
138.785
138.439
138.162
137.817
137.541
137.472
137.472
137.472
137.541
137.748
138.093
138.439
138.924
139.618
140.383
141.221
142.272
143.467
144.597
145.802
147.084
148.371
149.664
151.107
152.703
154.306
155.992
157.761
159.614
161.478
163.201
164.934
166.524
167.893
169.268
170.572
171.803
172.883
173.734
174.588
175.288
175.833
176.379
176.770
177.083
177.318
177.396
177.318
177.239
177.161
176.926
176.692
176.457
176.067
175.755
175.444
174.977
174.588
174.200
173.734
173.192
172.728
172.342
171.725
171.109
170.571
169.957
169.344
168.809
168.198
167.436
166.752
166.069
165.312
164.556
163.802
163.126
162.600
161.926
161.103
160.506
159.985
159.390
158.871
158.278
157.686
157.243
156.874
156.579
156.212
155.844
155.477
155.257
155.110
154.818
154.525
154.233
153.940
153.721
153.503
153.139
152.847
152.629
152.266
151.831
151.541
151.179
150.600
150.023
149.519
149.088
148.586
148.084
147.655
147.226
146.869
146.584
146.228
145.873
145.517
145.163
144.879
144.667
144.526
144.384
144.172
143.960
143.889
143.889
143.748
143.607
143.537
143.326
143.044
142.763
142.552
142.341
142.061
141.781
141.501
141.291
141.081
140.871
140.732
140.662
140.662
140.662
140.801
141.081
141.361
141.781
142.342
142.833
143.326
143.890
144.526
145.234
145.873
146.513
147.226
147.869
148.370
148.801
149.304
149.807
150.312
150.817
151.179
151.468
151.758
151.903
151.976
152.120
152.193
152.265
152.338
152.338
152.556
153.284
154.672
156.949
160.210
164.182
168.813
174.049
179.520
184.834
189.736
194.128
197.660
200.308
202.305
203.557
204.143
204.227
204.059
203.641
203.056
202.471
202.054
201.804
201.554
201.721
202.388
203.223
204.144
205.234
206.496
207.762
208.946
210.049
211.069
212.092
212.945
213.288
213.202
212.860
212.006
210.729
209.201
207.340
205.403
203.558
201.805
200.307
199.229
198.402
197.741
197.328
196.834
196.176
195.519
194.617
193.391
192.006
190.382
188.684
186.913
185.070
183.396
181.728
180.147
178.651
177.318
176.224
175.055
173.967
173.038
172.111
171.109
170.187
169.268
168.198
167.208
166.221
165.236
164.330
163.351
162.300
161.253
160.208
159.167
158.204
157.317
156.359
155.404
154.452
153.576
152.702
151.831
151.179
150.600
150.240
150.096
150.096
150.312
150.672
151.251
152.048
152.920
153.795
154.892
155.991
156.949
157.982
158.871
159.688
160.506
161.178
161.926
162.525
163.050
163.727
164.330
165.085
165.917
166.981
168.504
170.265
172.421
175.056
177.945
181.017
184.193
187.235
190.140
193.066
195.766
198.237
200.640
202.889
205.066
207.003
209.032
211.155
212.946
214.916
216.895
218.450
219.749
220.791
221.487
222.010
222.097
221.749
221.226
220.530
219.836
219.229
218.709
218.450
218.450
218.796
219.489
220.183
220.791
221.313
221.749
222.010
221.923
221.574
220.792
219.403
217.845
216.120
214.059
211.836
209.455
207.003
204.647
202.305
199.810
197.330
195.110
192.902
190.463
188.119
186.031
184.033
181.966
179.911
177.945
176.068
174.278
172.497
170.879
169.268
167.741
166.372
165.161
164.029
162.826
161.701
160.655
159.613
158.796
158.130
157.686
157.391
157.096
157.169
157.317
157.539
157.982
158.351
158.648
159.093
159.464
159.687
159.985
160.283
160.506
160.655
160.730
160.730
160.804
160.804
160.730
160.730
160.581
160.432
160.432
160.432
160.506
160.581
160.655
160.804
161.103
161.327
161.402
161.626
162.001
162.450
162.674
162.975
163.351
163.502
163.577
163.652
163.802
163.878
163.878
163.802
163.652
163.502
163.351
163.201
163.050
162.825
162.599
162.300
161.926
161.626
161.252
160.953
160.730
160.432
160.059
159.687
159.316
159.019
158.648
158.130
157.612
157.022
156.506
155.991
155.477
155.037
154.598
154.306
154.086
153.867
153.867
154.159
154.818
155.698
156.802
158.353
160.135
162.001
163.954
165.918
167.665
169.115
170.418
171.571
172.497
173.348
174.122
174.743
175.522
176.380
177.161
178.102
179.201
180.462
182.045
183.634
185.150
187.074
189.169
191.193
193.391
195.520
197.577
199.727
201.721
203.391
204.983
206.749
208.523
210.134
211.836
213.459
214.830
216.120
217.153
218.103
218.969
219.662
220.183
220.966
222.097
223.058
224.020
224.896
225.510
225.862
225.686
224.896
223.757
222.272
220.357
218.104
215.347
212.263
209.370
206.497
203.475
200.474
197.577
194.946
192.495
190.220
188.119
186.111
184.432
182.839
181.253
179.989
178.730
177.553
176.614
175.755
174.977
174.200
173.425
172.728
172.110
171.417
170.802
170.111
169.268
168.580
167.893
167.056
166.297
165.539
164.783
164.029
163.276
162.600
161.851
161.252
160.581
159.836
159.167
158.426
157.760
157.096
156.432
155.844
155.404
154.964
154.598
154.379
154.159
154.013
153.867
153.794
153.867
154.013
154.233
154.598
155.037
155.698
156.506
157.465
158.574
159.688
161.104
162.751
164.557
166.677
168.963
171.727
174.978
178.417
181.967
185.392
188.927
192.495
195.766
198.899
201.805
204.564
207.087
209.455
211.665
213.545
215.346
216.981
218.363
219.750
220.791
221.662
222.446
223.145
223.670
223.845
224.282
224.808
225.247
225.862
226.565
227.358
228.594
229.833
231.075
232.409
233.479
234.462
235.357
235.984
236.254
236.254
236.074
235.536
234.730
233.658
232.409
231.164
229.745
227.976
226.038
224.020
221.749
219.230
216.637
214.145
211.666
209.116
206.750
204.479
202.222
199.976
197.659
195.438
193.310
191.193
189.088
186.994
185.070
183.316
181.570
179.675
177.867
176.146
174.511
173.039
171.418
169.958
168.733
167.665
166.828
166.145
165.614
165.236
165.009
164.783
164.481
164.254
164.103
163.802
163.351
162.750
162.075
161.327
160.432
159.539
158.871
158.204
157.243
156.359
155.478
154.671
153.941
152.993
152.121
151.396
150.601
149.879
149.304
148.729
148.227
147.940
147.655
147.369
147.155
147.012
146.869
146.655
146.512
146.441
146.441
146.299
146.157
146.228
146.299
146.370
146.441
146.512
146.512
146.441
146.441
146.441
146.441
146.441
146.441
146.512
146.655
146.726
146.798
146.869
146.940
147.083
147.226
147.369
147.440
147.440
147.512
147.583
147.583
147.726
147.869
147.797
147.797
147.869
147.869
147.940
148.083
148.227
148.299
148.299
148.299
148.370
148.442
148.442
148.514
148.586
148.586
148.586
148.586
148.514
148.442
148.442
148.442
148.370
148.370
148.370
148.299
148.227
148.083
148.083
148.083
147.940
147.940
148.012
148.083
148.155
148.370
148.801
149.231
149.735
150.384
151.034
151.686
152.411
153.139
153.941
154.745
155.477
156.138
156.653
157.022
157.317
157.612
157.760
157.686
157.539
157.317
157.022
156.580
155.991
155.404
154.745
153.941
153.139
152.411
151.541
150.601
149.664
148.729
147.869
146.941
146.015
145.093
144.102
143.185
142.272
141.361
140.523
139.687
138.924
138.162
137.541
137.058
136.576
136.233
136.028
135.890
135.822
135.822
135.890
135.959
136.096
136.371
136.576
136.852
137.127
137.472
137.885
138.092
138.300
138.577
138.716
138.785
138.854
138.993
139.270
139.548
139.756
139.896
140.105
140.314
140.523
140.801
141.221
141.711
142.271
142.904
143.608
144.455
145.305
146.228
147.297
148.371
149.376
150.456
151.541
152.557
153.430
154.086
154.745
155.404
155.991
156.580
157.096
157.539
157.908
158.203
158.426
158.500
158.574
158.500
158.277
158.129
157.982
157.834
157.612
157.391
157.243
157.243
157.169
157.096
157.243
157.391
157.539
157.686
157.908
158.203
158.426
158.648
158.945
159.242
159.613
159.985
160.357
160.804
161.402
162.075
162.750
163.351
163.878
164.481
165.009
165.312
165.690
166.069
166.297
166.524
166.752
166.904
166.828
166.676
166.448
166.145
165.841
165.387
164.858
164.405
163.878
163.201
162.450
161.626
160.804
159.985
159.242
158.648
157.982
157.243
156.506
155.771
155.111
154.525
153.868
153.139
152.411
151.831
151.251
150.672
150.240
149.735
149.160
148.729
148.299
147.797
147.512
147.083
146.655
146.299
145.873
145.589
145.304
145.091
144.809
144.455
144.102
143.678
143.255
142.763
142.271
141.851
141.361
140.802
140.314
139.757
139.132
138.508
137.954
137.541
137.127
136.714
136.371
136.096
135.822
135.616
135.547
135.547
135.616
135.753
135.822
135.890
136.028
136.096
136.165
136.302
136.508
136.645
136.920
137.265
137.403
137.541
137.679
137.817
137.954
137.954
138.023
138.231
138.300
138.369
138.508
138.577
138.646
138.785
138.785
138.716
138.646
138.508
138.439
138.369
138.300
138.369
138.439
138.369
138.300
138.231
138.023
137.885
137.679
137.334
136.989
136.645
136.302
135.890
135.547
135.205
134.864
134.591
134.250
133.842
133.502
133.230
133.027
132.891
132.688
132.417
132.147
132.012
132.012
131.944
131.809
131.742
131.674
131.472
131.269
131.135
131.001
130.799
130.530
130.329
130.127
129.725
129.324
129.057
128.857
128.657
128.390
128.257
128.124
127.925
127.858
127.858
127.858
127.925
127.991
128.191
128.390
128.523
128.723
128.923
129.191
129.458
129.792
130.060
130.194
130.329
130.530
130.732
130.866
130.933
131.001
131.001
130.866
130.866
130.866
130.732
130.597
130.463
130.396
130.396
130.396
130.262
130.127
130.194
130.396
130.665
131.068
131.539
131.944
132.417
132.959
133.502
134.182
134.864
135.548
136.233
136.714
137.127
137.541
137.885
137.954
137.748
137.403
137.058
136.783
136.508
136.233
135.890
135.411
134.864
134.386
133.910
133.298
132.756
132.350
131.944
131.607
131.404
131.202
131.068
131.135
131.269
131.336
131.404
131.607
131.877
132.215
132.620
133.027
133.502
133.978
134.455
134.932
135.479
135.959
136.371
136.852
137.334
137.885
138.439
138.993
139.687
140.523
141.431
142.412
143.326
144.314
145.305
146.228
147.155
147.941
148.586
149.160
149.879
150.673
151.323
151.903
152.265
152.629
153.211
153.575
153.794
154.013
154.233
154.525
154.671
154.745
154.818
154.818
154.891
154.891
154.964
155.110
155.110
155.110
155.183
155.404
155.624
155.918
156.285
156.653
156.948
157.317
157.686
157.908
158.203
158.426
158.722
159.019
159.242
159.538
159.761
159.910
160.134
160.357
160.506
160.730
160.879
160.879
160.879
160.879
160.953
160.953
160.879
160.804
160.804
160.730
160.506
160.357
159.985
159.612
159.316
159.093
158.871
158.574
158.500
158.351
158.129
157.908
157.612
157.465
157.391
157.243
157.169
157.169
157.391
157.612
157.612
157.686
157.760
157.760
157.834
157.834
157.686
157.539
157.391
157.169
156.874
156.579
156.212
155.624
155.037
154.525
153.940
153.430
152.920
152.411
152.048
151.686
151.179
150.745
150.456
150.023
149.519
149.016
148.514
148.084
147.655
147.226
146.727
146.157
145.660
145.304
144.950
144.526
144.102
143.678
143.326
142.974
142.482
142.061
141.711
141.431
141.081
140.732
140.453
139.896
139.547
139.409
139.201
138.924
138.577
138.369
138.162
138.023
137.954
137.885
137.885
137.954
138.023
138.023
138.092
138.161
138.300
138.508
138.716
138.785
138.785
138.785
138.854
139.062
138.993
138.854
138.854
138.785
138.716
138.646
138.577
138.439
138.300
138.162
137.954
137.748
137.541
137.403
137.127
136.851
136.645
136.439
136.233
136.096
135.890
135.685
135.616
135.547
135.547
135.547
135.547
135.479
135.479
135.547
135.479
135.410
135.342
135.274
135.274
135.342
135.342
135.274
135.137
134.932
134.796
134.659
134.455
134.318
134.182
133.909
133.706
133.502
133.095
132.688
132.417
132.215
132.079
132.079
132.147
132.282
132.485
132.552
132.552
132.620
132.552
132.282
132.012
131.607
131.135
130.732
130.262
129.592
128.923
128.390
127.792
127.195
126.732
126.335
125.873
125.544
125.478
125.478
125.544
125.544
125.610
125.807
125.939
126.137
126.335
126.533
126.798
127.062
127.327
127.593
127.792
127.925
128.058
128.191
128.324
128.390
128.390
128.457
128.590
128.656
128.723
128.657
128.457
128.523
128.656
128.656
128.723
128.790
128.857
128.923
128.923
128.990
129.124
129.258
129.324
129.258
129.258
129.324
129.458
129.592
129.592
129.592
129.592
129.592
129.592
129.525
129.458
129.458
129.324
129.124
129.057
128.990
128.790
128.590
128.457
128.390
128.257
128.124
128.124
128.058
128.124
128.257
128.390
128.790
129.258
129.725
130.396
131.068
131.607
132.079
132.620
133.298
134.114
135.001
135.822
136.646
137.472
138.231
138.924
139.548
140.035
140.453
140.801
141.011
141.151
141.221
141.151
140.941
140.592
140.174
139.756
139.270
138.716
138.162
137.541
136.920
136.371
135.822
135.342
134.932
134.455
134.113
133.909
133.570
133.298
133.095
132.823
132.552
132.350
132.147
131.877
131.472
131.135
130.866
130.665
130.530
130.262
130.060
129.792
129.458
129.124
128.790
128.523
128.324
128.191
128.058
127.925
127.792
127.659
127.593
127.526
127.526
127.526
127.393
127.327
127.393
127.393
127.393
127.526
127.659
127.726
127.792
127.991
128.191
128.324
128.390
128.523
128.656
128.656
128.723
128.790
128.857
128.923
128.990
129.124
129.191
129.324
129.458
129.525
129.725
129.993
130.194
130.463
130.732
130.866
131.001
131.135
131.269
131.336
131.404
131.337
131.135
130.933
130.597
130.194
129.725
129.258
128.790
128.324
127.792
127.261
126.798
126.335
125.939
125.610
125.281
124.886
124.558
124.297
123.970
123.577
123.251
122.991
122.666
122.275
122.016
121.821
121.563
121.369
121.175
120.981
120.787
120.529
120.336
120.143
119.886
119.693
119.564
119.436
119.244
119.116
118.988
118.860
118.796
118.668
118.541
118.413
118.285
118.157
118.030
117.966
117.966
117.903
117.839
117.839
117.775
117.712
117.775
117.839
117.775
117.712
117.712
117.648
117.521
117.394
117.330
117.330
117.330
117.267
117.139
116.949
116.822
116.759
116.569
116.379
116.126
115.937
115.873
115.684
115.495
115.369
115.244
115.055
114.740
114.426
114.238
114.051
113.863
113.738
113.551
113.426
113.301
113.176
113.114
113.051
113.114
113.176
113.238
113.301
113.426
113.551
113.738
113.988
114.176
114.489
114.803
115.118
115.369
115.621
115.937
116.253
116.569
116.886
117.203
117.521
117.775
117.966
118.221
118.413
118.541
118.732
118.860
118.924
118.988
119.052
119.052
118.988
118.988
118.924
118.796
118.732
118.604
118.413
118.285
118.093
117.903
117.775
117.648
117.457
117.267
117.076
116.949
116.885
116.759
116.569
116.316
116.190
116.063
115.873
115.684
115.495
115.369
115.244
115.118
114.992
114.803
114.615
114.552
114.426
114.176
114.051
113.988
113.863
113.738
113.551
113.301
113.114
112.865
112.554
112.305
112.119
111.933
111.685
111.500
111.376
111.253
111.129
111.006
110.944
110.882
110.882
110.944
110.944
111.006
111.129
111.315
111.500
111.685
111.933
112.119
112.368
112.678
112.989
113.363
113.676
113.926
114.176
114.552
115.118
115.621
116.063
116.632
117.267
117.839
118.477
119.180
119.757
120.401
121.045
121.498
121.886
122.340
122.731
122.991
123.186
123.316
123.446
123.577
123.708
123.773
123.773
123.773
123.773
123.643
123.381
123.186
122.926
122.601
122.211
121.821
121.433
120.981
120.594
120.143
119.693
119.372
119.052
118.796
118.604
118.413
118.349
118.221
118.093
117.966
117.839
117.712
117.521
117.330
117.076
116.822
116.506
116.126
115.810
115.495
115.055
114.615
114.238
113.801
113.301
112.865
112.492
112.119
111.685
111.253
110.882
110.451
110.021
109.652
109.163
108.735
108.369
107.943
107.518
107.154
106.912
106.671
106.369
106.067
105.886
105.766
105.646
105.526
105.406
105.226
105.047
104.927
104.807
104.627
104.448
104.269
104.090
104.031
103.971
103.852
103.614
103.435
103.375
103.316
103.316
103.316
103.257
103.198
103.257
103.375
103.494
103.673
103.912
104.150
104.448
104.747
104.987
105.346
105.827
106.248
106.610
106.973
107.336
107.700
108.004
108.186
108.430
108.735
108.918
109.041
109.163
109.285
109.407
109.530
109.652
109.775
109.775
109.714
109.714
109.591
109.407
109.224
108.980
108.735
108.369
108.004
107.640
107.215
106.852
106.429
106.007
105.646
105.286
104.867
104.448
104.031
103.554
103.020
102.428
101.838
101.308
100.780
100.254
99.787
99.263
98.799
98.451
98.220
97.989
97.758
97.643
97.470
97.356
97.356
97.356
97.413
97.470
97.528
97.643
97.701
97.816
97.932
97.932
97.989
98.105
98.163
98.163
98.220
98.220
98.220
98.220
98.163
98.047
97.989
97.932
97.758
97.701
97.701
97.643
97.643
97.585
97.470
97.470
97.470
97.470
97.470
97.470
97.470
97.528
97.585
97.585
97.585
97.585
97.585
97.585
97.643
97.701
97.758
97.874
97.989
98.105
98.220
98.336
98.394
98.509
98.567
98.567
98.625
98.625
98.682
98.798
98.798
98.740
98.740
98.740
98.740
98.798
98.857
98.857
98.857
98.857
98.857
98.857
98.798
98.798
98.798
98.740
98.740
98.740
98.740
98.682
98.682
98.740
98.798
98.857
98.798
98.740
98.682
98.625
98.625
98.682
98.798
99.031
99.438
100.079
100.898
101.779
102.842
103.971
104.987
105.827
106.490
106.973
107.215
107.154
106.972
106.731
106.188
105.526
104.807
104.031
103.317
102.547
101.897
101.426
101.015
100.722
100.488
100.371
100.312
100.254
100.254
100.254
100.312
100.371
100.429
100.488
100.546
100.605
100.605
100.605
100.605
100.663
100.780
100.780
100.722
100.722
100.780
100.897
100.956
101.014
101.190
101.367
101.544
101.779
101.897
102.015
102.250
102.369
102.546
102.783
103.020
103.198
103.257
103.375
103.494
103.614
103.673
103.733
103.792
103.733
103.673
103.673
103.614
103.494
103.435
103.375
103.316
103.257
103.198
103.257
103.316
103.375
103.375
103.316
103.316
103.257
103.198
103.079
102.961
102.902
102.724
102.546
102.369
102.132
101.838
101.603
101.308
100.839
100.429
100.020
99.496
98.973
98.509
97.989
97.413
96.896
96.324
95.696
95.184
94.674
94.165
93.714
93.320
92.871
92.480
92.256
92.032
91.809
91.698
91.643
91.476
91.310
91.254
91.199
91.143
91.143
91.143
91.143
91.199
91.254
91.254
91.199
91.143
91.143
91.088
91.032
90.977
90.921
90.921
90.921
90.921
90.921
90.866
90.810
90.866
90.921
90.977
91.032
91.088
91.199
91.365
91.587
91.809
92.032
92.312
92.591
92.815
93.039
93.320
93.714
94.052
94.391
94.787
95.070
95.354
95.639
95.867
95.981
96.095
96.266
96.323
96.380
96.437
96.437
96.495
96.438
96.209
96.095
96.095
95.924
95.639
95.468
95.241
94.957
94.787
94.561
94.221
93.939
93.658
93.376
93.151
92.871
92.647
92.480
92.312
92.200
92.032
91.865
91.754
91.587
91.421
91.310
91.199
91.143
91.088
90.977
90.866
90.755
90.645
90.479
90.258
90.093
89.983
89.872
89.707
89.488
89.323
89.159
88.995
88.885
88.721
88.502
88.339
88.285
88.230
88.122
88.013
87.904
87.850
87.850
87.850
87.850
87.850
87.850
87.850
87.904
87.958
88.013
88.067
88.067
88.122
88.176
88.285
88.394
88.448
88.612
88.776
88.940
89.104
89.214
89.378
89.597
89.762
89.983
90.258
90.479
90.700
90.921
91.143
91.421
91.587
91.698
91.865
92.032
92.200
92.200
92.144
92.144
92.200
92.200
92.200
92.256
92.256
92.200
92.088
91.976
91.865
91.809
91.754
91.643
91.532
91.365
91.199
91.143
91.088
90.977
90.921
90.866
90.755
90.700
90.589
90.479
90.424
90.314
90.203
90.093
89.927
89.762
89.652
89.488
89.269
89.104
88.995
88.885
88.721
88.502
88.339
88.230
88.122
88.013
87.904
87.741
87.578
87.469
87.361
87.361
87.524
87.686
88.013
88.612
89.434
90.480
91.755
93.209
94.731
96.267
97.702
99.032
100.079
100.898
101.485
101.779
101.956
102.015
101.956
101.720
101.308
100.780
100.195
99.496
98.684
97.932
97.241
96.439
95.639
95.070
94.448
93.883
93.489
93.039
92.703
92.535
92.424
92.368
92.424
92.535
92.703
92.983
93.264
93.545
93.883
94.278
94.674
95.014
95.354
95.753
96.095
96.381
96.724
96.954
97.069
97.241
97.413
97.528
97.585
97.643
97.758
97.758
97.585
97.413
97.298
97.126
96.896
96.609
96.266
95.924
95.639
95.354
94.957
94.561
94.221
93.939
93.601
93.264
93.039
92.703
92.312
92.032
91.809
91.643
91.421
91.143
90.977
90.866
90.755
90.589
90.424
90.314
90.203
90.148
90.093
89.983
89.872
89.817
89.707
89.597
89.488
89.269
89.104
88.995
88.830
88.612
88.448
88.285
88.122
88.013
87.904
87.686
87.415
87.199
87.037
86.929
86.821
86.659
86.497
86.443
86.443
86.443
86.443
86.443
86.443
86.443
86.443
86.443
86.389
86.389
86.443
86.443
86.443
86.443
86.497
86.551
86.605
86.605
86.551
86.551
86.497
86.443
86.497
86.551
86.605
86.713
86.821
86.929
87.037
87.145
87.253
87.361
87.415
87.469
87.469
87.469
87.578
87.632
87.632
87.686
87.741
87.686
87.632
87.632
87.524
87.415
87.415
87.361
87.253
87.145
87.037
86.929
86.821
86.659
86.497
86.335
86.121
85.906
85.745
85.584
85.423
85.263
85.050
84.890
84.783
84.730
84.624
84.464
84.304
84.145
84.039
83.934
83.881
83.828
83.722
83.616
83.510
83.405
83.299
83.246
83.193
83.088
83.036
83.036
82.983
82.983
82.983
82.931
83.036
83.141
83.193
83.299
83.352
83.405
83.563
83.722
83.828
83.986
84.198
84.410
84.624
84.890
85.156
85.423
85.745
86.013
86.282
86.605
86.875
87.091
87.307
87.524
87.686
87.850
88.013
88.122
88.230
88.285
88.285
88.285
88.230
88.122
88.067
88.013
87.904
87.795
87.686
87.524
87.307
87.091
86.875
86.659
86.497
86.335
86.121
85.852
85.584
85.370
85.156
84.943
84.677
84.410
84.145
83.881
83.669
83.457
83.299
83.141
82.931
82.721
82.563
82.405
82.300
82.196
82.039
81.987
81.987
81.935
81.830
81.778
81.726
81.674
81.622
81.622
81.622
81.622
81.674
81.674
81.778
81.935
82.039
82.196
82.458
82.668
82.878
83.194
83.510
83.881
84.145
84.411
84.783
84.996
85.210
85.423
85.638
85.852
85.906
85.906
85.906
85.906
85.960
86.013
86.013
86.067
86.121
86.282
86.443
86.551
86.821
87.091
87.253
87.469
87.850
88.285
88.721
89.214
89.818
90.479
91.088
91.643
92.144
92.647
93.208
93.714
94.165
94.617
95.014
95.354
95.639
95.867
96.038
96.152
96.209
96.266
96.323
96.380
96.380
96.323
96.209
96.038
95.924
95.753
95.582
95.411
95.184
95.014
94.844
94.674
94.504
94.277
94.052
93.770
93.545
93.376
93.207
93.039
92.815
92.591
92.424
92.200
92.032
91.976
91.865
91.809
91.754
91.698
91.698
91.698
91.698
91.754
91.809
91.865
91.976
92.088
92.256
92.368
92.368
92.368
92.368
92.312
92.200
92.088
91.865
91.643
91.476
91.254
91.032
90.755
90.369
90.038
89.762
89.488
89.214
88.885
88.557
88.339
88.122
87.850
87.686
87.469
87.307
87.199
87.037
86.929
86.821
86.767
86.713
86.659
86.713
86.767
86.767
86.767
86.821
86.875
86.929
86.983
87.037
87.091
87.145
87.307
87.524
87.741
87.958
88.230
88.612
89.050
89.543
90.148
90.756
91.310
91.922
92.480
93.040
93.601
93.995
94.391
94.674
94.844
94.957
95.014
95.127
95.184
95.184
95.127
94.957
94.787
94.674
94.504
94.277
94.052
93.770
93.489
93.207
92.871
92.535
92.200
91.921
91.698
91.476
91.254
91.032
90.921
90.866
90.810
90.810
90.866
90.977
91.199
91.532
91.921
92.368
92.871
93.432
93.939
94.504
95.070
95.525
95.924
96.266
96.552
96.724
96.896
97.011
97.011
96.954
96.782
96.609
96.438
96.152
95.810
95.582
95.468
95.297
95.070
94.844
94.674
94.504
94.334
94.334
94.334
94.277
94.277
94.277
94.277
94.277
94.277
94.221
94.108
94.052
94.052
93.995
93.883
93.770
93.714
93.601
93.489
93.432
93.264
93.095
92.983
92.871
92.759
92.647
92.535
92.424
92.368
92.256
92.144
92.088
92.032
91.976
91.921
91.809
91.754
91.754
91.754
91.865
91.921
92.088
92.368
92.647
93.152
93.826
94.617
95.583
96.725
97.932
99.090
100.255
101.250
101.956
102.546
103.079
103.435
103.554
103.494
103.316
103.020
102.665
102.369
102.132
101.956
101.897
101.897
102.015
102.310
102.665
103.079
103.554
104.090
104.687
105.226
105.707
106.188
106.610
106.912
107.093
107.276
107.458
107.518
107.518
107.518
107.397
107.154
106.972
106.731
106.490
106.188
105.767
105.406
105.047
104.687
104.388
104.090
103.852
103.614
103.316
103.139
103.079
103.079
103.020
102.902
102.783
102.724
102.665
102.605
102.546
102.487
102.428
102.428
102.487
102.487
102.428
102.369
102.428
102.487
102.487
102.428
102.309
102.250
102.132
101.956
101.838
101.661
101.426
101.249
101.073
100.897
100.780
100.663
100.546
100.488
100.488
100.488
100.429
100.429
100.488
100.546
100.663
100.780
100.956
101.073
101.132
101.308
101.367
101.367
101.485
101.544
101.544
101.544
101.426
101.249
101.190
101.073
100.839
100.663
100.546
100.312
100.078
99.903
99.670
99.496
99.322
99.147
98.973
98.857
98.798
98.740
98.740
98.740
98.682
98.625
98.682
98.740
98.798
98.973
99.205
99.438
99.670
99.903
100.078
100.312
100.488
100.605
100.780
100.897
101.014
101.073
101.132
101.190
101.190
101.190
101.132
101.014
100.956
100.839
100.605
100.312
100.020
99.845
99.670
99.438
99.089
98.683
98.336
97.932
97.471
97.011
96.552
96.095
95.696
95.354
95.070
94.844
94.561
94.277
94.052
93.826
93.658
93.545
93.489
93.432
93.376
93.376
93.320
93.264
93.264
93.264
93.264
93.207
93.207
93.207
93.151
93.095
93.039
93.039
92.983
92.871
92.759
92.647
92.535
92.368
92.200
92.032
91.865
91.698
91.587
91.421
91.199
91.088
90.977
90.866
90.755
90.645
90.534
90.424
90.314
90.258
90.203
90.093
90.038
90.038
89.983
89.927
89.872
89.872
89.927
89.927
89.983
89.983
89.927
89.927
89.983
90.093
90.203
90.314
90.424
90.534
90.700
90.866
91.032
91.254
91.476
91.643
91.754
91.921
92.088
92.256
92.424
92.480
92.535
92.647
92.703
92.759
92.759
92.703
92.703
92.759
92.871
92.983
93.095
93.207
93.264
93.320
93.432
93.489
93.432
93.320
93.264
93.264
93.264
93.207
93.151
93.095
93.039
92.927
92.759
92.703
92.647
92.535
92.535
92.647
92.759
92.871
93.095
93.376
93.658
93.883
94.108
94.391
94.674
94.957
95.298
95.639
95.924
96.209
96.495
96.724
96.896
97.069
97.183
97.356
97.585
97.816
98.047
98.278
98.567
98.915
99.380
99.904
100.371
100.898
101.426
101.897
102.369
102.842
103.257
103.554
103.792
104.031
104.210
104.269
104.210
104.150
104.031
103.852
103.673
103.435
103.257
103.020
102.724
102.487
102.192
101.897
101.661
101.426
101.190
100.839
100.546
100.371
100.195
99.962
99.787
99.670
99.496
99.380
99.205
99.089
99.031
98.973
99.031
99.147
99.322
99.612
99.962
100.312
100.605
100.897
101.308
101.720
102.073
102.428
102.724
103.079
103.375
103.554
103.733
103.792
103.852
103.912
103.912
103.852
103.733
103.554
103.316
103.020
102.724
102.487
102.309
102.191
102.015
101.897
101.897
101.838
101.720
101.661
101.603
101.485
101.426
101.367
101.308
101.249
101.073
100.897
100.780
100.663
100.488
100.312
100.137
100.020
99.845
99.554
99.438
99.322
99.205
99.147
99.031
98.915
98.857
98.857
98.798
98.682
98.567
98.509
98.509
98.509
98.451
98.336
98.220
98.163
98.047
97.874
97.758
97.701
97.643
97.470
97.356
97.298
97.183
97.069
96.954
96.896
96.782
96.667
96.609
96.495
96.437
96.323
96.152
96.038
95.924
95.810
95.696
95.468
95.240
95.070
94.844
94.617
94.504
94.391
94.164
93.939
93.714
93.432
93.151
92.927
92.647
92.368
92.088
91.754
91.421
91.143
90.977
90.810
90.645
90.479
90.203
89.983
89.817
89.597
89.378
89.104
88.830
88.612
88.448
88.339
88.230
88.122
88.013
87.850
87.686
87.578
87.469
87.361
87.199
86.983
86.821
86.713
86.497
86.282
86.121
85.906
85.584
85.263
85.050
84.837
84.570
84.304
84.039
83.828
83.616
83.352
83.141
82.983
82.878
82.773
82.668
82.668
82.668
82.668
82.773
82.931
83.141
83.299
83.510
83.828
84.252
84.677
85.103
85.584
86.013
86.443
86.875
87.253
87.578
87.850
88.122
88.339
88.557
88.776
88.940
89.050
89.050
89.104
89.104
88.995
88.940
88.885
88.776
88.557
88.285
88.122
87.958
87.741
87.524
87.307
87.037
86.713
86.443
86.121
85.745
85.423
85.050
84.677
84.305
83.934
83.563
83.194
82.878
82.563
82.353
82.196
81.987
81.830
81.674
81.517
81.413
81.309
81.257
81.257
81.257
81.257
81.309
81.361
81.465
81.622
81.778
81.935
82.091
82.300
82.616
83.036
83.457
83.881
84.411
85.050
85.799
86.767
87.905
89.269
90.867
92.536
94.222
95.868
97.414
98.800
99.846
100.605
101.250
101.661
101.838
101.897
101.779
101.485
101.073
100.605
100.079
99.438
98.684
97.932
97.183
96.438
95.753
95.071
94.335
93.658
93.040
92.480
92.033
91.532
91.143
90.866
90.589
90.369
90.203
90.093
90.038
90.148
90.369
90.700
91.143
91.755
92.535
93.377
94.392
95.469
96.554
97.702
98.742
99.671
100.546
101.250
101.779
102.192
102.487
102.665
102.783
102.783
102.665
102.546
102.310
102.073
101.897
101.603
101.367
101.132
100.780
100.488
100.254
99.962
99.612
99.263
98.857
98.567
98.278
97.816
97.470
97.069
96.609
96.209
95.753
95.354
94.957
94.561
94.165
93.826
93.545
93.264
93.039
92.815
92.591
92.424
92.312
92.312
92.368
92.424
92.591
92.759
92.871
93.039
93.207
93.320
93.432
93.545
93.658
93.770
93.826
93.883
93.939
93.995
94.052
94.108
94.164
94.221
94.334
94.391
94.334
94.277
94.277
94.277
94.221
94.164
94.108
93.995
93.883
93.770
93.601
93.376
93.151
92.871
92.591
92.256
91.921
91.643
91.365
91.088
90.810
90.534
90.314
90.148
89.927
89.762
89.652
89.597
89.543
89.488
89.488
89.543
89.652
89.707
89.707
89.652
89.597
89.543
89.433
89.323
89.159
88.940
88.721
88.502
88.285
88.067
87.795
87.524
87.253
86.983
86.713
86.389
86.121
85.906
85.638
85.370
85.156
84.943
84.783
84.677
84.517
84.304
84.145
84.092
84.039
83.934
83.828
83.828
83.881
83.881
83.828
83.775
83.722
83.669
83.669
83.669
83.616
83.510
83.405
83.299
83.141
83.036
82.931
82.721
82.510
82.300
82.091
81.882
81.726
81.622
81.517
81.413
81.309
81.205
81.152
81.101
80.997
80.945
80.894
80.842
80.790
80.738
80.687
80.635
80.583
80.479
80.428
80.376
80.324
80.272
80.221
80.169
80.117
80.117
80.066
80.014
80.014
79.963
79.912
79.912
79.912
79.912
79.912
79.912
79.912
79.912
79.860
79.809
79.860
79.860
79.809
79.757
79.655
79.655
79.655
79.655
79.655
79.603
79.552
79.500
79.449
79.398
79.295
79.192
79.141
78.987
78.834
78.783
78.732
78.630
78.528
78.375
78.222
78.120
77.968
77.765
77.614
77.462
77.259
77.057
76.906
76.755
76.604
76.504
76.403
76.253
76.102
76.002
75.902
75.852
75.753
75.653
75.653
75.653
75.603
75.603
75.653
75.653
75.603
75.553
75.553
75.553
75.503
75.453
75.453
75.403
75.354
75.304
75.254
75.204
75.154
75.104
75.005
74.955
74.906
74.856
74.807
74.708
74.659
74.659
74.659
74.659
74.708
74.757
74.807
74.856
74.906
75.105
75.304
75.453
75.703
76.002
76.303
76.655
77.057
77.462
77.867
78.273
78.630
78.988
79.346
79.655
79.912
80.169
80.376
80.583
80.790
80.894
80.997
81.153
81.257
81.413
81.570
81.622
81.674
81.726
81.882
82.039
82.196
82.405
82.510
82.668
82.983
83.299
83.563
83.828
84.145
84.517
84.996
85.477
85.906
86.282
86.659
87.091
87.415
87.686
88.013
88.285
88.557
88.776
88.830
88.885
88.940
88.830
88.612
88.502
88.448
88.339
88.176
87.958
87.795
87.578
87.307
87.037
86.821
86.605
86.335
86.013
85.691
85.423
85.050
84.677
84.358
84.092
83.775
83.405
83.088
82.773
82.458
82.144
81.778
81.517
81.309
81.049
80.894
80.790
80.738
80.635
80.531
80.531
80.583
80.635
80.687
80.790
80.894
81.049
81.205
81.413
81.622
81.778
81.935
82.144
82.405
82.616
82.826
82.983
83.194
83.457
83.669
83.881
84.092
84.251
84.410
84.570
84.677
84.783
84.837
84.890
84.890
84.890
84.943
84.943
84.996
85.050
84.996
84.943
84.890
84.837
84.783
84.624
84.517
84.464
84.304
84.145
83.934
83.722
83.563
83.510
83.563
83.510
83.405
83.194
83.036
82.983
82.931
82.773
82.563
82.458
82.405
82.510
82.563
82.458
82.405
82.353
82.196
82.039
81.987
81.935
81.830
81.778
81.674
81.517
81.413
81.257
81.101
80.945
80.790
80.635
80.376
80.169
80.066
79.860
79.655
79.603
79.552
79.346
79.090
78.834
78.477
78.070
77.715
77.462
77.259
77.057
76.856
76.655
76.454
76.403
76.504
76.504
76.554
76.705
76.755
76.856
77.006
77.158
77.360
77.614
78.019
78.426
78.834
79.346
79.860
80.376
80.946
81.570
82.144
82.668
83.247
83.828
84.358
84.943
85.531
85.960
86.390
86.875
87.253
87.632
87.958
88.230
88.557
88.885
89.214
89.543
89.762
89.817
89.817
89.762
89.652
89.543
89.433
89.269
89.050
88.830
88.666
88.502
88.448
88.448
88.448
88.557
88.830
89.214
89.488
89.818
90.258
90.756
91.143
91.421
91.754
91.921
91.976
91.976
91.921
91.809
91.587
91.310
90.921
90.534
90.148
89.708
89.269
88.776
88.230
87.741
87.307
86.875
86.390
85.852
85.317
84.783
84.252
83.775
83.299
82.826
82.458
82.091
81.726
81.465
81.257
81.049
80.894
80.790
80.738
80.790
80.894
80.945
81.049
81.257
81.465
81.726
82.039
82.405
82.773
83.247
83.881
84.411
84.890
85.477
